30.88899
32.89697
42.3255
33.77982
38.29954
37.94896
36.15606
41.98997
27.20106
22.32243
16.06988
11.55444
11.02457
7.212675
6.64786
6.643746
6.875723
6.416173
4.913703
5.55693
6.294077
5.877039
5.468821
4.598928
4.855817
4.512328
5.129469
3.847431
3.736723
3.122553
3.151334
2.856471
2.894908
3.042026
2.748101
2.904148
3.06532
2.58167
1.93758
2.145482
1.536177
1.058313
1.268067
1.263733
1.085483
1.091022
1.076135
1.289307
1.206019
1.122816
1.1094
1.001739
1.139275
1.020043
1.104381
1.070094
1.033771
1.233137
1.094617
1.108549
1.101996
0.8686957
1.013196
1.060709
1.077923
0.9254535
0.8330578
0.8788455
0.8698497
0.9710487
0.9901477
0.889191
1.044644
1.081403
0.8630287
1.290753
1.20697
1.112689
1.174857
1.189176
1.165424
1.311819
1.109465
1.150438
1.335309
1.354071
1.058264
1.036991
0.9118501
0.9909002
0.8551753
0.8784769
0.9282454
0.8754184
0.863736
0.8260404
0.8145426
0.9879319
0.8397227
0.9940006
0.9669038
1.042696
1.162323
1.02248
1.097427
0.9481564
1.107295
0.957998
1.133173
0.9645931
0.9800356
0.9993865
0.8656573
0.9311381
0.8761255
0.9330743
0.8242896
0.7716933
0.7603736
0.7529707
0.7222171
0.6809746
0.6103013
0.665231
0.870848
0.8455088
0.8575428
0.725493
0.6611811
0.7181781
0.6440493
0.6105198
0.5868479
0.6369353
0.7479722
0.7091919
0.6388054
0.6586746
0.5306078
0.5554844
0.718407
0.6359903
0.6432465
0.4188238
0.4978752
0.6538767
0.6858139
0.6099078
0.5943532
0.6745537
0.6470342
0.6288357
0.6043548
0.5536215
0.4791076
0.5903081
0.5867238
0.5855476
0.5396686
0.4590257
0.4884901
0.5156632
0.5621531
0.5034718
0.5294124
0.5851737
0.6505432
0.6686922
0.7309301
0.7686903
0.7667413
0.6584142
0.8002097
0.8114457
0.8963264
0.8359068
0.7915173
0.9219243
0.8115042
0.873595
0.8535029
0.8954884
0.9832384
1.022502
0.8763234
0.7671712
0.7726755
0.7697352
0.6655017
0.811239
0.7610941
0.8887737
0.6683903
0.6626198
0.6383432
0.6204114
0.6354358
0.6016627
0.5367047
0.3975597
0.571035
0.449551
0.4367851
0.4394961
0.4981576
0.5227402
0.5374908
0.5151845
0.4161987
0.5450452
0.4390811
0.4751775
0.4938615
0.4947897
0.5431434
0.7172411
0.6520754
0.6970188
0.6291691
0.78806
0.6255666
0.5490447
0.5333311
0.5860953
0.6294836
0.6427997
0.6354108
0.6611533
0.6420339
0.6592813
0.5279813
0.4945375
0.5985242
0.6323439
0.5233845
0.5537516
0.5336435
0.5471912
0.518689
0.4109262
0.3828338
0.4034661
0.4453053
0.4188726
0.3933065
0.3765118
0.4250547
0.3552507
0.3290008
0.4451367
0.3665441
0.3883576
0.4291061
0.4966447
0.5439953
0.6382188
0.5342219
0.5730953
0.6423938
0.6036965
0.7457368
0.6829305
0.7818668
0.6662519
0.6424225
0.6557754
0.8405951
0.7799465
0.586067
0.779658
0.7237846
0.7799836
0.7863825
0.7017325
0.7665742
0.6993573
0.6744851
0.6176327
0.703745
0.7310456
0.6052777
0.5695515
0.5690546
0.699859
0.6026669
0.5833439
0.7655124
0.8044109
0.806659
0.8127525
0.8898549
0.9841981
0.8371616
0.8414366
0.9137649
0.8362041
0.9284766
0.9644108
0.8399992
0.9157261
0.811745
0.816395
0.8703046
0.9308966
0.8267153
0.9006965
0.8243647
0.7939804
0.7506549
0.7817029
0.6951942
0.6672216
0.6191593
0.7276156
0.6743134
0.6782234
0.6075001
0.5138144
0.471384
0.5182052
0.5282946
0.5467942
0.4366198
0.367812
0.4451098
0.4448541
0.4428179
0.4745995
0.4895872
0.509849
0.4562234
0.4812365
0.5727759
0.6679389
0.6271466
0.5870473
0.6174337
0.6417615
0.8087824
0.8571036
0.847311
0.6841593
0.7616858
0.7370997
0.7859456
0.7349603
0.6041587
0.7277403
0.6509825
0.7692737
0.8591684
0.8002215
0.8603881
0.8308382
0.7946844
0.7582655
0.9528851
1.067548
1.122003
0.9779467
0.8647725
0.8612444
0.9291342
0.8543332
0.9374803
1.047285
0.9443029
0.9063097
0.9731887
0.9187193
0.8999283
0.8018644
0.8884602
0.8539663
0.9000149
0.8676426
0.8042618
0.7822803
0.6500603
0.8207767
0.7908599
0.8197549
0.783872
1.001019
1.110806
1.137058
1.084646
1.065973
0.9682297
1.034329
1.021538
0.9679656
0.9339651
1.02143
0.9375537
1.019124
1.18744
0.9548814
0.9053176
1.021694
1.090371
0.9856868
1.024196
0.9237435
0.8499431
0.9100387
1.069075
0.824605
1.015508
1.063537
0.9952207
1.020992
0.9320302
0.9232189
0.8805945
1.025335
0.9272397
0.9347384
0.8460508
0.9475758
0.8953465
0.8467593
0.9511428
0.9690236
0.9239725
0.816644
0.8916799
0.9997829
0.8405
0.8260674
0.9945742
0.8340446
0.7672449
0.7743994
0.5228812
0.4962161
0.5051658
0.5050348
0.5027357
0.5122708
0.4976334
0.5126421
0.4189713
0.4781099
0.4613546
0.4391371
0.3943593
0.4533245
0.4350992
0.4419987
0.4719938
0.4858824
0.7136263
0.5767347
0.5216858
0.6055589
0.6320644
0.7454709
0.7677119
0.8354084
0.8161844
0.827032
0.8855221
0.7973975
0.6745442
0.8861247
0.7277562
0.694016
0.8630703
0.8696899
0.9058039
0.9073486
0.8776757
0.8291557
0.7003405
0.7458391
0.7455639
0.6784901
0.6903479
0.6338203
0.5424324
0.5090634
0.5590114
0.4507134
0.5602244
0.5641634
0.5205597
0.4280561
0.4064602
0.3947279
0.4494424
0.3843944
0.4532388
0.3983795
0.4208878
0.3013129
0.3166031
0.3324925
0.2855219
0.2863621
0.3177893
0.3071628
0.2985973
0.2644776
0.2506871
0.3133494
0.3496527
0.3536439
0.3704221
0.387903
0.3946143
0.3970179
0.4163778
0.3712287
0.3250271
0.3127147
0.3786358
0.4411789
0.385639
0.3182818
0.3861457
0.4682895
0.3907254
0.4184206
0.6225676
0.7771764
0.670403
0.6045717
0.6314448
0.6378477
0.6874278
0.8298334
0.6812147
0.696168
0.7323222
0.7238046
0.854938
0.7868015
0.7632708
0.8022968
0.8092744
0.833335
0.8683071
0.7169702
0.8607833
0.6878552
0.7224264
0.7156371
0.6683788
0.6231622
0.6836146
0.5469519
0.6891216
0.7293039
0.637756
0.5302127
0.5645612
0.5240269
0.558046
0.5927862
0.486247
0.5555551
0.7029722
0.6393301
0.6305944
0.693169
0.6829929
0.695058
0.627139
0.6887525
0.5347116
0.5950272
0.5853209
0.622444
0.6032731
0.7314124
0.6678338
0.6952046
0.7300367
0.6440624
0.5885504
0.5324998
0.473213
0.4406517
0.4687009
0.4644886
0.4947813
0.5878516
0.564417
0.5918029
0.5778095
0.5605184
0.5202764
0.4989872
0.4411494
0.5244409
0.5150205
0.5690071
0.4884762
0.4962203
0.4621722
0.4335496
0.447179
0.4204262
0.4141537
0.4678082
0.5027546
0.4598095
0.4931645
0.4970007
0.4964396
0.5259362
0.6264339
0.638869
0.5255674
0.4917066
0.5510454
0.5313323
0.5981426
0.6228387
0.5359465
0.5471202
0.5611338
0.5220385
0.6610665
0.4711128
0.4998787
0.5891373
0.5961438
0.522725
0.4873883
0.4358474
0.373874
0.412162
0.3602518
0.3753304
0.3519443
0.3205856
0.3165438
0.3114802
0.389135
0.3239555
0.2880694
0.2630667
0.2305213
0.2604761
0.2909328
0.2642151
0.2409931
0.2744034
0.3176551
0.3872545
0.3141232
0.282525
0.2388071
0.3080711
0.3425011
0.3117662
0.3386962
0.3170135
0.3558973
0.3650452
0.3609967
0.3437185
0.284669
0.2849984
0.3315759
0.3211738
0.3270928
0.2869268
0.2895446
0.2653962
0.2410428
0.2746725
0.2762526
0.2928704
0.3382775
0.3379354
0.3761026
0.3409162
0.3087221
0.3401186
0.3212735
0.3647317
0.3431581
0.3226837
0.4468054
0.3006232
0.3202697
0.2705617
0.3417724
0.2832436
0.2987444
0.3443127
0.288499
0.2524883
0.2614511
0.2658588
0.3276987
0.338427
0.3378675
0.3438635
0.3043103
0.3502626
0.255944
0.3548748
0.4011827
0.3731213
0.3884419
0.4427781
0.4205715
0.4807022
0.5601932
0.7096277
0.7988766
0.7444006
0.7119483
0.7897638
0.6470712
0.6128176
0.558029
0.5215611
0.5917713
0.5287329
0.5292345
0.6215241
0.615798
0.618281
0.7381573
0.691842
0.705892
0.7905283
0.8606775
0.8016399
0.6759626
0.6993053
0.6151325
0.6501915
0.7012996
0.5968513
0.4606191
0.4489632
0.4248457
0.5003769
0.5049922
0.5469811
0.4959643
0.4650834
0.4526537
0.5733127
0.4817555
0.3668079
0.3668256
0.3621851
0.4269343
0.378513
0.432617
0.3726272
0.3731595
0.3281406
0.4683246
0.3642822
0.4642457
0.4540088
0.4733071
0.4796358
0.5549251
0.5870098
0.5768231
0.5362462
0.4341559
0.4420947
0.4339497
0.446156
0.3340033
0.2968529
0.2494582
0.2692329
0.2938143
0.2475491
0.2658704
0.2429499
0.2381583
0.2468843
0.2623531
0.3274175
0.2729824
0.263372
0.2428174
0.2333286
0.2365169
0.2340296
0.2597469
0.250128
0.2714099
0.250019
0.2429788
0.266738
0.3416983
0.3671111
0.3783492
0.3340204
0.2926168
0.2751216
0.2757575
0.3249131
0.3174035
0.280514
0.3091718
0.3003837
0.3134461
0.2512789
0.2376181
0.2132754
0.2174054
0.230412
0.2624183
0.2690168
0.2332298
0.2394826
0.2440816
0.2710794
0.2811477
0.3297316
0.3201956
0.3351989
0.3636932
0.4081739
0.4423528
0.4771798
0.5266657
0.4723465
0.5045133
0.4630934
0.585239
0.5324807
0.6581894
0.7575959
0.6553402
0.6249551
0.5733295
0.5959824
0.5605163
0.6360284
0.4991797
0.4824546
0.5348645
0.4822735
0.4972006
0.4874597
0.4062164
0.4032044
0.3346399
0.2977238
0.3154818
0.3215269
0.424579
0.4265722
0.3954067
0.3868923
0.4416348
0.3914449
0.4334159
0.4213963
0.3938176
0.411567
0.4741129
0.4044083
0.3958396
0.4133556
0.3669323
0.4188071
0.3534833
0.5414033
0.556262
0.5064094
0.5318641
0.5712218
0.5955372
0.4866505
0.4219344
0.4714958
0.5281679
0.4723143
0.444343
0.4336164
0.4836788
0.5231042
0.577772
0.4876268
0.5058026
0.5495839
0.5995952
0.647834
0.6885627
0.7041934
0.7489089
0.6965621
0.4984802
0.5235819
0.5231725
0.5700696
0.6851378
0.646701
0.4566198
0.5453691
0.5007824
0.5230373
0.5082566
0.5888438
0.5021636
0.605243
0.4240317
0.4060308
0.461448
0.388108
0.4460825
0.3721181
0.3906144
0.3625524
0.382796
0.4204202
0.4140611
0.4729091
0.5817678
0.5642601
0.5829103
0.514042
0.4062676
0.3809612
0.4664507
0.3969854
0.3240029
0.3986539
0.4974139
0.5277103
0.4714912
0.4398005
0.5811365
0.5664605
0.5605914
0.4533195
0.4002989
0.4642924
0.4797012
0.4035339
0.4197466
0.4340506
0.5276738
0.4273403
0.4692861
0.4618767
0.4084429
0.4036909
0.3587817
0.3512352
0.3933966
0.3252337
0.3307516
0.3324322
0.3351887
0.3703234
0.380383
0.4119081
0.3913597
0.4697136
0.6154427
0.5672327
0.5320776
0.4713371
0.470892
0.5668544
0.5227583
0.5326574
0.5336254
0.6823624
0.5896976
0.5670045
0.6331928
0.7633432
0.6989054
0.6514323
0.6346775
0.5880329
0.5837938
0.6685804
0.7148819
0.73233
0.5799807
0.4744079
0.493913
0.447951
0.4160819
0.3856566
0.4344802
0.3667209
0.4490475
0.391558
0.4326552
0.5260685
0.453384
0.3594264
0.3153243
0.3643366
0.4334088
0.4576957
0.4584006
0.424534
0.451438
0.4023805
0.4413715
0.4684477
0.3320709
0.341836
0.3771289
0.3963074
0.4992785
0.3574791
0.3644677
0.4601048
0.3857719
0.3360782
0.2969899
0.2987783
0.3267289
0.3046978
0.3344791
0.3636264
0.3795505
0.4287516
0.4024177
0.3872251
0.3912372
0.4128439
0.4366855
0.4138912
0.4905993
0.4791957
0.5042683
0.4686878
0.4810045
0.4912523
0.4445497
0.4304657
0.5339568
0.5130058
0.4152366
0.4412348
0.472559
0.5541733
0.5495421
0.4830753
0.5525058
0.5831018
0.5752182
0.5103613
0.6581205
0.7016337
0.8848949
0.8093396
0.9198172
0.9140527
0.8142425
0.7258581
0.6242221
0.5252851
0.5579395
0.5482795
0.5728567
0.5344916
0.6211183
0.5548552
0.6697454
0.6660442
0.761129
0.7102439
0.6900249
0.5853463
0.6074679
0.6294363
0.5382992
0.5929725
0.6422879
0.626802
0.6530311
0.5553518
0.5351927
0.6102181
0.5118232
0.4777974
0.6193006
0.4634707
0.4690053
0.5376879
0.5099847
0.4714945
0.4887181
0.5372163
0.4643106
0.5224536
0.5217346
0.5164508
0.5507158
0.5323833
0.5727185
0.6059258
0.5215509
0.4222816
0.3525499
0.3045881
0.3312557
0.3171509
0.3552937
0.3227105
0.4062815
0.3226564
0.267033
0.2747189
0.2692266
0.3136255
0.2979664
0.3579267
0.3355658
0.3223149
0.3693599
0.4037291
0.3619031
0.3546585
0.3456293
0.3211983
0.3689799
0.3286102
0.3961827
0.3953272
0.3615682
0.3561678
0.4457899
0.4527855
0.4503542
0.5114278
0.5521031
0.4984933
0.6129953
0.6961715
0.6714547
0.7343065
0.7197382
0.6603334
0.5447075
0.5685872
0.5848433
0.540555
0.4794852
0.4766006
0.5924909
0.5994979
0.5480216
0.590333
0.5390581
0.5558516
0.4851038
0.5825819
0.5320414
0.4224113
0.4491725
0.4855031
0.4883736
0.4631905
0.3889962
0.3479885
0.3692705
0.3922748
0.3789167
0.3787307
0.3726813
0.3740104
0.4607983
0.5996152
0.6497034
0.61528
0.5547454
0.5867857
0.6045174
0.5949872
0.6211356
0.6079518
0.6202679
0.5915612
0.5594048
0.6219947
0.6217587
0.4659091
0.5724756
0.6225662
0.4982167
0.4467184
0.4116641
0.4245499
0.3527621
0.4177503
0.3480112
0.3542923
0.3363117
0.3581726
0.3009518
0.3228575
0.2670037
0.2586409
0.3041428
0.2923784
0.3578534
0.3523286
0.3751025
0.3471432
0.3074866
0.3130882
0.284984
0.3645542
0.3831217
0.4348617
0.3739694
0.3729462
0.3439432
0.3191449
0.3227707
0.4159516
0.4348887
0.4240837
0.4506572
0.4029597
0.4163342
0.5806281
0.5125214
0.5689102
0.4035944
0.3735834
0.4548007
0.431848
0.4515225
0.4603924
0.4561339
0.4630284
0.5073486
0.5353271
0.5085615
0.4606758
0.4306047
0.480899
0.4055076
0.4351965
0.3680063
0.4232351
0.4760738
0.4320319
0.419737
0.3157331
0.3112509
0.3102647
0.3065701
0.3418577
0.2855114
0.3422193
0.3026502
0.3048557
0.3018516
0.239964
0.2175231
0.2068354
0.2287879
0.2440206
0.2152895
0.2297897
0.21176
0.2338726
0.2272746
0.2471768
0.2635644
0.2774532
0.2376951
0.2216249
0.2411239
0.2635342
0.2611409
0.223408
0.2525583
0.2762937
0.2311118
0.2335522
0.2017813
0.2840911
0.258995
0.3124636
0.3421033
0.3077146
0.3040947
0.293599
0.3027717
0.273362
0.2516093
0.3027579
0.361397
0.2935579
0.2828596
0.2636052
0.1938256
0.21851
0.2589014
0.242999
0.226843
0.2349796
0.2331153
0.2924967
0.3285237
0.3416042
0.3360612
0.3901473
0.3514619
0.3150427
0.2921507
0.3676856
0.3764075
0.3509969
0.352702
0.3114957
0.318467
0.3807642
0.3418934
0.3787684
0.3751785
0.3757795
0.3551246
0.3526313
0.3286302
0.3324851
0.3580812
0.333776
0.3992746
0.4672389
0.4349763
0.3309893
0.3657915
0.4126284
0.3203105
0.3470507
0.37551
0.315031
0.2441034
0.2868504
0.2812164
0.2207904
0.2398888
0.2628064
0.2390017
0.2813395
0.2790677
0.2827578
0.3611793
0.3438655
0.3389541
0.3957282
0.4151703
0.474428
0.4401055
0.3449139
0.3409573
0.4174065
0.3692773
0.3708599
0.4488548
0.4907261
0.4842274
0.504259
0.5598794
0.5367876
0.534964
0.6032021
0.5779415
0.500432
0.4267344
0.4212904
0.3915717
0.4110594
0.3804377
0.4075223
0.4712925
0.3845446
0.4314481
0.6341973
0.5064995
0.5075994
0.4981544
0.5453322
0.4554451
0.4559888
0.4806747
0.4681761
0.4774603
0.5181504
0.574263
0.4523789
0.4700741
0.4574355
0.4307776
0.4221966
0.4138548
0.3740826
0.4269635
0.4103711
0.4284255
0.3799608
0.4100495
0.3841565
0.3206427
0.3304582
0.3212192
0.3531663
0.3231051
0.3003188
0.3448325
0.3377717
0.3250585
0.2834024
0.2678931
0.3000686
0.3590298
0.3285323
0.3047106
0.3107908
0.2907653
0.2624104
0.2670755
0.3065632
0.2629414
0.262977
0.2998736
0.2886818
0.3087837
0.2716942
0.2612768
0.2975287
0.2823588
0.3161682
0.3066246
0.2753685
0.2853237
0.2590118
0.2624841
0.2738582
0.2505731
0.2844872
0.223584
0.2304859
0.2639011
0.2729437
0.3103356
0.2479847
0.2653562
0.2431297
0.3447006
0.327716
0.2750005
0.2570941
0.2783457
0.3199671
0.3213815
0.2514659
0.2704451
0.2273705
0.2292517
0.2397018
0.2822651
0.2255916
0.2330824
0.2677347
0.2445632
0.2569352
0.2744241
0.1919301
0.2062873
0.1674675
0.1719343
0.1566215
0.1459166
0.1753552
0.1860003
0.1884957
0.1827053
0.165193
0.1841331
0.1577441
0.137677
0.1183711
0.08533663
0.09226891
0.1105481
0.1175674
0.1175428
0.1035519
0.1107113
0.09742212
0.1228873
0.1239027
0.1056702
0.1218626
0.1097299
0.109985
0.1031648
0.1055081
0.1118262
0.1135345
0.1073267
0.09988027
0.09811644
0.1067864
0.1026979
0.09400888
0.10261
0.09934869
0.09446313
0.09472993
0.09683181
0.1085016
0.1090083
0.1042402
0.1073834
0.1257431
0.1130922
0.1237888
0.1200584
0.1146955
0.1453474
0.1233281
0.1505329
0.1662849
0.147541
0.1523342
0.1541084
0.1400355
0.1723288
0.1522836
0.1681719
0.1804118
0.151307
0.1216655
0.1177927
0.1479727
0.136692
0.1550105
0.1504254
0.1312469
0.1607289
0.1604839
0.1713285
0.1593322
0.2040145
0.1786464
0.1719767
0.2202125
0.1838509
0.2054604
0.2315674
0.2444714
0.2227468
0.2255117
0.2294311
0.2889263
0.256548
0.253163
0.258565
0.3190549
0.2909564
0.3065627
0.2892534
0.2812227
0.2477599
0.2468093
0.2212228
0.2188127
0.2610868
0.1789415
0.2371124
0.2442562
0.2262084
0.2268028
0.2029097
0.2269821
0.2326529
0.2202095
0.2238785
0.2466667
0.2370503
0.2498993
0.2969206
0.2891899
0.2858386
0.256605
0.2440429
0.2136609
0.2352058
0.2253012
0.2243873
0.2773755
0.2639435
0.2302842
0.2661267
0.2496692
0.2808628
0.3300522
0.2537828
0.2460661
0.2501174
0.2246612
0.244693
0.2494319
0.2163839
0.1820459
0.2311023
0.2321365
0.2220626
0.2464003
0.2806305
0.2777393
0.2714954
0.2854245
0.2987613
0.2642854
0.2755303
0.2464227
0.2580403
0.2457705
0.264213
0.2944248
0.2804395
0.2943215
0.3348459
0.3269412
0.3625196
0.3501517
0.3715319
0.3862726
0.4858092
0.467091
0.5718166
0.5189961
0.5767178
0.5558667
0.6139444
0.6357167
0.7129397
0.7005959
0.7746437
0.6328594
0.5499254
0.5747512
0.6005071
0.5712785
0.6288738
0.6211586
0.5764012
0.5335371
0.5443426
0.4776906
0.5374315
0.5764196
0.4736484
0.4589253
0.4107862
0.4840556
0.4748972
0.4259649
0.4656426
0.5986519
0.4828427
0.5320618
0.4612197
0.4333649
0.4559889
0.4940326
0.4233998
0.4385943
0.5330384
0.6367028
0.5805769
0.5105104
0.5655602
0.632533
0.633383
0.598222
0.5895857
0.6504796
0.6526615
0.6512315
0.6370403
0.6536913
0.6135095
0.6814069
0.6071755
0.6705923
0.5787194
0.5725812
0.5723602
0.5692491
0.4994114
0.5086157
0.5264555
0.4680805
0.4582929
0.4605631
0.3983303
0.453623
0.4018511
0.4485023
0.3890191
0.4318304
0.4245153
0.3631527
0.3493725
0.4122501
0.3822655
0.3780833
0.3481903
0.4228977
0.3822033
0.390951
0.5178854
0.4280612
0.4321483
0.4434612
0.4332977
0.4028504
0.3543589
0.3793688
0.4138019
0.4278749
0.4117226
0.3961506
0.3408526
0.3467826
0.3807768
0.3623107
0.3681365
0.4227309
0.3762842
0.4252514
0.4125182
0.4672471
0.4413882
0.3696844
0.3938266
0.4778938
0.474104
0.5136693
0.6490783
0.6413228
0.6131955
0.5713149
0.585225
0.6405124
0.5964276
0.689572
0.6855216
0.7264586
0.7060733
0.6998621
0.6339068
0.6195459
0.6307513
0.6303878
0.7079352
0.6185681
0.5334813
0.5298705
0.4576426
0.4355452
0.5394836
0.5291686
0.6223059
0.5913958
0.6035199
0.9380555
0.7823967
0.7179361
0.6662467
0.6772336
0.7175416
0.7821768
0.8074505
0.7782959
0.7328617
0.7106071
0.7246174
0.6225568
0.6179084
0.8268836
0.8108341
0.6722523
0.745314
0.7982021
0.7904098
0.7291145
0.7105016
0.6084951
0.6684544
0.7133009
0.5590894
0.6261254
0.7177145
0.73886
0.6715626
0.5846984
0.6809885
0.6289103
0.6590381
0.5783439
0.6708338
0.7570296
0.8419686
0.9260354
1.04381
1.175451
1.170746
0.946113
0.8505353
0.7751499
0.8934217
0.781163
0.8318371
0.6547427
0.6630893
0.66361
0.6477762
0.6899024
0.8183352
0.651526
0.6834456
0.6452513
0.5853258
0.7659817
0.7173094
0.6676151
0.6735898
0.6231906
0.630491
0.656549
0.5608351
0.5929746
0.5551913
0.530206
0.4698342
0.53125
0.4889644
0.5723548
0.7219025
0.7763114
0.7036706
0.685906
0.7337603
0.5620447
0.637255
0.6155754
0.5517587
0.5415345
0.5370551
0.4870362
0.4835415
0.5891934
0.5233056
0.5146776
0.5979442
0.6728035
0.6637852
0.6286779
0.5496467
0.5705026
0.5956335
0.6140144
0.5006064
0.5000706
0.5681439
0.5719578
0.534282
0.3746525
0.3767165
0.3174111
0.4373205
0.4116919
0.3872247
0.3477516
0.3760356
0.3477901
0.3568481
0.2427392
0.2752022
0.2755066
0.2544765
0.2495172
0.2685387
0.2601834
0.2428592
0.2374205
0.2964665
0.3181478
0.3247037
0.281758
0.2594947
0.2390324
0.2657191
0.2320481
0.2176973
0.2355372
0.2319661
0.2160552
0.2162253
0.2638458
0.2156679
0.2601824
0.2344224
0.2456387
0.2173637
0.2406914
0.2285893
0.2361629
0.225151
0.2252865
0.2711322
0.2905131
0.2840736
0.3030598
0.2672979
0.2677756
0.2889605
0.3526105
0.3245718
0.3183051
0.2819428
0.2936471
0.3204961
0.3873111
0.4836139
0.3950028
0.3947276
0.4884412
0.4485667
0.5191857
0.572811
0.5332357
0.6081701
0.5965613
0.5237131
0.5430885
0.5088742
0.5213352
0.6210996
0.6323171
0.7556815
0.8292573
0.71625
0.6848543
0.7470072
0.7073599
0.732426
0.6896261
0.7047563
0.7405019
0.6893328
0.804255
0.6002029
0.592694
0.5909175
0.5503986
0.5832067
0.4866023
0.5426135
0.564832
0.538376
0.5565532
0.5272632
0.5142265
0.57842
0.5196194
0.505419
0.4721892
0.5145572
0.5980019
0.5180863
0.5231517
0.4886136
0.4739693
0.5912964
0.7026218
0.6811908
0.691177
0.5683328
0.5463374
0.5646264
0.6731332
0.7289382
0.7669849
0.7661152
0.7924237
1.046168
1.104277
1.061829
0.9965423
1.017074
0.9026609
0.8906833
0.9202848
0.8711405
0.7660178
0.8513366
0.7516093
0.8269462
0.8868285
0.810156
0.8611848
0.7635361
0.9944351
0.9302788
1.029149
0.783777
0.8895729
0.7228592
0.671324
0.5879803
0.6017418
0.4914906
0.5028337
0.5713916
0.5847519
0.5830788
0.4831081
0.5199594
0.5760687
0.5229794
0.4867227
0.451685
0.4917381
0.5127733
0.5421884
0.4808799
0.6993803
0.5944853
0.4993449
0.4793827
0.4744283
0.4611555
0.4789802
0.5175811
0.4754837
0.5116233
0.5093147
0.4621034
0.4744637
0.4160434
0.4262801
0.4094514
0.4738251
0.3740627
0.3826364
0.385775
0.4048557
0.3726858
0.5359493
0.5878
0.6140973
0.4735399
0.4620381
0.5649401
0.5275773
0.5231071
0.5136213
0.5080882
0.4526356
0.5167731
0.3794324
0.4520371
0.393273
0.3893867
0.368555
0.4370445
0.4267769
0.4764997
0.4568451
0.4052207
0.4344853
0.4353722
0.5600778
0.47746
0.4599897
0.5273659
0.6482322
0.5366987
0.5035652
0.4629727
0.6429474
0.7258315
0.7578125
0.8494465
0.7833563
0.6764385
0.6978572
0.735211
0.6391508
0.6838966
0.5922043
0.5941145
0.5722845
0.5570105
0.5503567
0.5148827
0.5521671
0.5012371
0.4674741
0.4188148
0.3868709
0.3943179
0.3395758
0.3457967
0.4031929
0.4355136
0.4438077
0.5810895
0.6476195
0.555343
0.4948937
0.5237187
0.557351
0.5162733
0.5000199
0.517699
0.5755474
0.6398388
0.6324383
0.5525335
0.6003756
0.559441
0.6195548
0.5745443
0.5786097
0.6250338
0.6469373
0.6804467
0.6181289
0.6165508
0.6490517
0.7419434
0.7452574
0.6677773
0.6556496
0.6992557
0.8512622
0.8622331
0.8243391
0.8111421
0.8023057
0.9920248
1.102809
0.927864
0.8733289
0.8911777
1.085391
0.9299068
0.9575715
0.9510397
0.9435599
1.034356
1.026023
0.9215631
0.9846862
1.060893
0.962327
0.7717506
0.8265615
0.833523
0.7955869
0.7217357
0.7156679
0.5472317
0.5986684
0.5617281
0.4837083
0.5263278
0.6629525
0.588485
0.5199472
0.5413496
0.504289
0.5667305
0.5416831
0.6065014
0.7030641
0.6312566
0.6317573
0.6937405
0.5487743
0.4829465
0.5985407
0.5039142
0.5789523
0.6816483
0.6459625
0.6226696
0.6152804
0.5695386
0.5830634
0.6132044
0.5835853
0.7167796
0.555328
0.5146306
0.5746667
0.5144415
0.4212416
0.4963486
0.5181402
0.496731
0.5013173
0.5297618
0.4949576
0.5068939
0.5219326
0.4064002
0.4133444
0.3758431
0.4507242
0.4425605
0.5077079
0.4442928
0.5176969
0.51059
0.508136
0.4752306
0.4895862
0.5931059
0.6336121
0.4670067
0.4499369
0.6246817
0.6190071
0.660951
0.5764362
0.5533772
0.5967761
0.6250618
0.6442679
0.6713849
0.5512077
0.5355092
0.6646762
0.7126754
0.8874777
0.8552709
0.7707365
0.7047564
0.7654193
0.6912224
0.6477154
0.7023099
0.794692
0.9674664
0.8973248
0.6832334
0.7689216
0.684977
0.769032
0.8651611
0.8139095
0.7781224
0.5857711
0.596381
0.7589215
0.7222874
0.6480662
0.7274571
0.5907553
0.6120472
0.5285251
0.5844616
0.577697
0.5632742
0.5765773
0.6374947
0.6326424
0.5660919
0.5205152
0.5029993
0.5131528
0.633338
0.6540429
0.6546166
0.6656574
0.5450126
0.5819682
0.6675566
0.5373333
0.4970391
0.5874704
0.5549331
0.5682424
0.5426266
0.5821548
0.657775
0.5800658
0.4931216
0.4866031
0.6926795
0.6455577
0.6336063
0.6283182
0.7063827
0.6153551
0.6332414
0.508784
0.5412258
0.5664623
0.6229959
0.6360247
0.6736572
0.770051
0.5770404
0.4963854
0.6289591
0.5301762
0.501303
0.6280224
0.5482376
0.5295917
0.4832603
0.4531822
0.479753
0.5515444
0.4719933
0.4531181
0.5383152
0.4899843
0.4207507
0.45259
0.4344641
0.5179232
0.5371186
0.5460059
0.5298993
0.5555778
0.5554495
0.5467981
0.6397741
0.6297026
0.6285319
0.5927795
0.8732703
0.7063459
0.7609748
0.6040149
0.6241755
0.5178981
0.5544912
0.5865167
0.4726846
0.4307196
0.4817345
0.455227
0.5300698
0.561139
0.467248
0.5286125
0.5981985
0.6112378
0.6116653
0.6549541
0.623556
0.662541
0.6608086
0.6646422
0.5627437
0.5549168
0.5601486
0.6184062
0.6273069
0.5952712
0.5900581
0.657705
0.5348151
0.6069008
0.7175124
0.6733966
0.7253386
0.6304129
0.7438958
0.7439488
0.8335633
0.9490178
0.9379625
0.8961057
0.8134508
0.7791188
0.7574353
0.7403393
0.8324691
0.8502863
0.6897696
0.6525007
0.6588262
0.70014
0.7746778
0.6849409
0.5995878
0.5504932
0.5114985
0.5122892
0.5400681
0.5242483
0.5839054
0.5673189
0.4963263
0.6488991
0.5915185
0.6006594
0.7505194
0.6888851
0.6552779
0.7160385
0.7684598
0.9497312
0.917521
1.028751
0.8513442
0.8282795
0.8112703
0.8732399
0.8086089
0.8531752
0.6886252
0.7427335
0.6539326
0.6648641
0.6038849
0.5679514
0.65415
0.6457919
0.7229314
0.65792
0.5325219
0.6061235
0.4759413
0.4975404
0.5850881
0.6195122
0.7052167
0.6959593
0.6938956
0.5941024
0.4496896
0.4955701
0.4936071
0.3994836
0.3464365
0.3918801
0.3334768
0.3485224
0.4092781
0.4052348
0.4804783
0.4436893
0.4097892
0.4441298
0.4753408
0.5143518
0.4336324
0.3953196
0.3421899
0.425029
0.3868475
0.3805574
0.4134115
0.3982811
0.4462365
0.4682456
0.4187016
0.4882789
0.4409228
0.463905
0.4117023
0.5025636
0.44287
0.5074398
0.4361001
0.5204638
0.4783619
0.4706198
0.5597643
0.5565698
0.6843155
0.5199224
0.5596857
0.5125449
0.4501032
0.4432522
0.4083002
0.4320702
0.3474816
0.3157851
0.3456984
0.2787369
0.2907374
0.2966
0.2981817
0.2571146
0.2591944
0.2152338
0.2499773
0.2534548
0.2640056
0.2414905
0.2814833
0.2587279
0.2684867
0.2459995
0.2166177
0.2637067
0.2823526
0.2915471
0.2721815
0.2606183
0.2351482
0.2521765
0.2330879
0.2623788
0.2836985
0.3369518
0.3530349
0.2987547
0.3429486
0.3621182
0.3662895
0.346144
0.3919678
0.4211011
0.4312412
0.3286145
0.3246511
0.2872068
0.2946094
0.276102
0.3467806
0.3430366
0.286428
0.2669007
0.2889587
0.2838393
0.2790394
0.2855911
0.3198984
0.3586236
0.4222604
0.5052913
0.4177159
0.4515073
0.4567296
0.4292749
0.4729715
0.4363427
0.4083931
0.422733
0.436977
0.4179314
0.4099056
0.3845878
0.4180028
0.547671
0.5127918
0.5460843
0.524666
0.5300449
0.567848
0.5430426
0.5196303
0.4506721
0.559503
0.4726611
0.4425043
0.4505132
0.4253598
0.3878025
0.38171
0.3413341
0.4392608
0.4009741
0.4512043
0.4284472
0.4210112
0.5081337
0.4554862
0.5145988
0.5469931
0.5787113
0.6162513
0.5921307
0.5310219
0.5181561
0.5854016
0.6338346
0.5019895
0.5312227
0.4980015
0.5849029
0.4809373
0.5083865
0.4419128
0.5277223
0.5090359
0.5101589
0.4639181
0.4191014
0.4791956
0.5228391
0.512472
0.4960645
0.4275943
0.4034688
0.4654172
0.4874539
0.4015286
0.4378684
0.4492225
0.4858955
0.4249352
0.5575728
0.5596094
0.5783658
0.5532858
0.5079537
0.5535836
0.5164698
0.5741273
0.5837025
0.3982137
0.4416558
0.4417208
0.5670201
0.7345589
0.5691728
0.5396577
0.5516728
0.6420547
0.59209
0.5534482
0.557658
0.5794751
0.5005729
0.5624043
0.6390387
0.728282
0.5902131
0.8938947
0.7224421
0.7264578
0.8303731
0.6077243
0.6096823
0.5239122
0.5788694
0.5113538
0.5778145
0.5287232
0.6283295
0.4498497
0.4470915
0.535237
0.4670526
0.4801716
0.4550328
0.4902325
0.4744358
0.487885
0.546165
0.551034
0.5743171
0.5271969
0.4208862
0.4706763
0.4612863
0.5093542
0.5058182
0.6728908
0.7153953
0.6375084
0.7013646
0.5780094
0.5188391
0.524007
0.5770007
0.5427603
0.4429529
0.4407328
0.4261725
0.4916288
0.5165743
0.4885767
0.5547264
0.4629109
0.57725
0.6091556
0.5812884
0.4718074
0.4187097
0.402906
0.5301511
0.5824476
0.6192664
0.5638131
0.6516873
0.6135079
0.5624157
0.6226724
0.5733297
0.5443963
0.5248944
0.5775982
0.5191561
0.4611147
0.4406693
0.4227124
0.4156528
0.4697705
0.3882291
0.384837
0.3156745
0.3990293
0.4616812
0.4479511
0.5254133
0.4320066
0.4902962
0.417469
0.4782002
0.4452323
0.3971204
0.4027142
0.4040345
0.4621871
0.4221805
0.5595466
0.4548885
0.4936884
0.4710401
0.5214078
0.4821022
0.5594847
0.4964763
0.4778289
0.4487742
0.4537228
0.4404376
0.4898703
0.4403673
0.406955
0.4691817
0.4807245
0.4932447
0.4783931
0.4315904
0.437985
0.5008165
0.4401485
0.4188978
0.4719873
0.5693102
0.4365566
0.5039073
0.5440233
0.5246292
0.5589163
0.5377951
0.7810827
0.6462101
0.6161433
0.550104
0.5626219
0.5345447
0.5713006
0.7085189
0.8218006
0.9569887
0.9999967
1.084344
0.9220531
0.9080489
1.049193
0.8958584
0.8644149
0.9853351
0.9686142
1.136273
1.124029
0.9414418
1.000333
0.9250353
1.04095
0.9144703
0.7099962
0.7575683
0.7552248
0.7444437
0.7425232
0.7463386
0.8446909
0.834798
0.8683937
0.8640452
0.990687
0.9431083
1.018877
0.955903
0.8594493
0.8516862
0.8861812
0.751679
0.7704515
0.9835317
0.7890843
0.9651878
1.059787
0.9847466
0.8676283
0.7292357
0.7466618
0.7576736
0.843843
0.9201216
1.003367
0.8057632
0.9170503
0.9445936
0.7767443
0.7870775
0.8543074
0.8426151
0.7905665
0.7662546
0.823352
0.8584479
0.8668316
0.821802
0.8777142
0.7130458
0.7901636
0.6940474
0.6703577
0.7984171
0.6398251
0.7804027
0.8764995
0.7868007
0.7454691
0.5429785
0.6245461
0.5851309
0.7003797
0.5253544
0.5304887
0.5519599
0.6491319
0.6435428
0.8121452
0.7469062
0.7542364
0.7107688
0.7215812
0.7477174
0.7273945
0.8674486
0.9460174
0.7825292
0.9296373
0.8743642
0.7733078
0.8753536
0.8587733
0.7724508
0.8117373
0.9898624
0.8222103
0.7696483
0.952488
0.905101
0.8032131
0.9760476
0.9286025
0.9254969
0.9562264
0.8976402
0.8446843
0.9345961
0.7639563
0.8070573
0.8237206
0.8261522
0.7264409
0.5985252
0.7195427
0.6848203
0.7471047
0.9502045
0.8748775
0.816074
0.8311762
0.9782394
0.8119449
0.9082404
0.7417604
0.7704587
0.6243456
0.5345828
0.6748067
0.7022361
0.6188901
0.7852898
0.6473053
0.6336591
0.6073465
0.6331296
0.7062317
0.6257106
0.5919447
0.5128661
0.5961316
0.5963648
0.5499698
0.5286551
0.5744945
0.5107133
0.4932271
0.486816
0.5265915
0.5869011
0.6172271
0.7027099
0.7480818
0.6341496
0.6725734
0.633184
0.596129
0.6629247
0.7333249
0.7713226
0.5757505
0.8733673
0.8139229
0.8370122
0.724469
0.7802355
0.9304637
0.9942072
1.059532
0.9783804
1.003167
0.8768703
0.815949
1.087008
0.8615876
0.9200521
0.8691331
0.8006925
0.7107255
0.6881707
0.8855232
0.7282578
0.7126319
0.7502744
0.8472161
0.8659265
0.660292
0.6643995
0.6829661
0.7307113
0.8374435
0.658426
0.6177912
0.6805362
0.701592
0.7487469
0.714509
0.6870675
0.8203866
0.6590781
0.6546956
0.7352947
0.701445
0.6074727
0.5478678
0.5623476
0.4956421
0.4453579
0.4531032
0.4219557
0.3804849
0.4514016
0.4243252
0.4425274
