12.46423
12.58995
13.02762
12.51092
12.79216
12.80298
13.3367
11.88085
10.94999
8.756563
7.268038
6.875113
6.365605
5.828999
5.893355
5.816545
5.678043
5.761784
5.190942
4.892512
5.03777
5.173596
4.660375
4.419523
4.288085
4.24516
4.16062
3.949454
3.5896
3.535278
3.306824
3.336738
3.49495
3.370824
3.290001
3.405438
3.360597
3.048885
2.748302
2.594955
2.420925
2.357277
2.336479
2.292673
2.257801
2.462313
2.414309
2.116758
2.37019
2.261274
2.2823
2.413123
2.401989
2.350173
2.484365
2.423877
2.401536
2.34652
2.442602
2.321306
2.103865
2.21748
2.073515
2.091351
1.992834
2.11612
1.958276
2.09363
2.389704
2.211644
2.434914
2.237148
2.221307
2.37216
2.583224
2.341787
2.498157
2.325952
2.535067
2.674086
2.62059
2.344913
2.231941
2.102549
2.20461
2.408897
2.426348
2.363913
2.373883
2.178117
2.320272
2.283178
2.12318
1.987236
1.968371
2.031337
2.113401
2.255197
2.415344
2.364004
2.188952
2.345735
2.060389
2.035765
2.126779
2.191113
2.248366
2.196251
2.229577
1.947827
1.911329
1.950632
1.698532
1.953342
1.9113
1.953131
1.973647
1.966144
1.892362
1.802028
1.849002
1.778512
1.698988
1.725981
1.766807
1.928821
1.974137
1.94612
1.882525
1.829334
1.726576
1.790798
1.811556
1.813933
1.851476
1.939788
1.879524
1.783282
1.773971
1.825084
1.6282
1.691185
1.734803
1.705754
1.676019
1.714518
1.791377
1.875027
1.768107
1.763956
1.615444
1.611507
1.580367
1.523845
1.60841
1.402998
1.36213
1.49352
1.383125
1.349349
1.403106
1.354971
1.355274
1.420634
1.703398
1.910969
2.073941
2.026312
1.991737
1.965745
1.820621
1.757397
1.797782
1.768111
1.655195
1.765292
1.824602
1.831583
1.97003
1.863282
1.813938
1.997065
1.922687
2.087104
2.087214
1.972918
1.705897
1.660387
1.638622
1.521091
1.500461
1.62241
1.527683
1.513823
1.411878
1.300499
1.290836
1.348827
1.344781
1.284146
1.176181
1.214505
1.278139
1.440642
1.228137
1.243023
1.282885
1.352482
1.396645
1.428919
1.494894
1.33778
1.375563
1.486645
1.563583
1.699497
1.65746
1.676401
1.706795
1.56608
1.60036
1.591539
1.594847
1.364873
1.562019
1.594483
1.608942
1.728692
1.61338
1.51559
1.43122
1.488404
1.458237
1.425406
1.366349
1.404594
1.409481
1.367892
1.343855
1.331839
1.284614
1.230176
1.344275
1.245722
1.284383
1.265018
1.302508
1.329489
1.249412
1.189581
1.243443
1.314816
1.439551
1.373063
1.551081
1.528874
1.591608
1.606736
1.636412
1.766205
1.622729
1.712897
1.699427
1.677232
1.708141
1.703681
1.666526
1.737334
1.884193
1.890733
2.022306
1.794015
1.776888
1.878832
1.686175
1.616507
1.582887
1.647053
1.729481
1.701743
1.520736
1.654159
1.646966
1.598241
1.621406
1.56999
1.742445
1.916125
1.703123
1.812648
1.835765
1.853088
1.762288
1.808373
1.832431
1.984851
1.883106
1.864819
2.018422
2.022076
2.055334
2.02874
1.962674
1.992486
1.943233
1.928664
1.942662
1.885823
1.933142
1.781619
1.694511
1.568793
1.646321
1.727869
1.635303
1.491189
1.480553
1.492516
1.474777
1.427505
1.417869
1.37969
1.407034
1.303245
1.340773
1.369567
1.446389
1.510852
1.371156
1.414511
1.424659
1.36349
1.565966
1.649678
1.634035
1.721164
1.614251
1.780332
1.709208
1.748553
1.825095
1.93719
1.961389
1.807993
1.897666
1.951884
1.893542
2.045615
2.115263
2.011882
2.022714
2.054842
2.101733
1.991132
2.146657
2.086461
2.146088
1.880216
1.838016
1.882062
1.766223
1.764524
1.91342
1.863793
1.817473
1.846208
1.750496
1.990085
1.91456
1.960551
1.995641
2.141661
2.023969
2.088469
1.959884
1.93688
1.785944
1.735257
1.74572
1.688967
1.684583
1.807222
1.810079
1.822314
2.016598
2.098465
2.180973
2.076716
2.035697
2.135505
1.926029
2.005877
2.080145
2.077331
2.071647
2.240841
2.227244
2.355454
2.230808
2.256671
2.137283
2.007137
2.064645
2.071435
1.950429
1.908135
1.742756
1.875605
1.812148
1.807617
1.945683
1.906213
1.786501
1.895146
1.902594
1.862045
1.844279
1.850871
1.897146
1.951837
2.060024
2.019796
1.869094
1.945767
1.816488
1.863705
1.751104
1.649651
1.682583
1.654265
1.617598
1.601553
1.634006
1.562141
1.471849
1.414413
1.487354
1.459123
1.436403
1.447655
1.404232
1.35119
1.277253
1.300611
1.211685
1.259617
1.30263
1.370269
1.317198
1.161031
1.248663
1.459132
1.471285
1.469338
1.473135
1.435507
1.441274
1.506928
1.597163
1.580551
1.651223
1.581673
1.477604
1.548011
1.579808
1.567213
1.649276
1.609479
1.81957
1.754133
1.80731
1.792074
1.870564
1.869551
1.608891
1.599373
1.469366
1.503392
1.54172
1.436185
1.318645
1.391526
1.431421
1.360238
1.253788
1.190178
1.151376
1.165529
1.217224
1.22198
1.146918
1.2644
1.163189
1.193394
1.146782
1.176642
1.188936
1.102348
1.122838
1.155099
1.104148
1.031105
1.044079
1.074866
0.9783781
1.084774
1.02946
1.046567
1.04189
1.078391
1.033187
1.057933
1.129772
1.193336
1.214633
1.198115
1.198966
1.096719
1.232076
1.242375
1.165554
1.246658
1.296453
1.335865
1.355484
1.386065
1.518907
1.584298
1.55804
1.528854
1.408186
1.349705
1.473811
1.536467
1.546106
1.708648
1.523827
1.605096
1.70415
1.599445
1.70715
1.6794
1.709727
1.634411
1.597866
1.726488
1.529963
1.635938
1.707703
1.611603
1.423793
1.389705
1.507724
1.373767
1.389029
1.438995
1.534597
1.480266
1.464582
1.416958
1.365863
1.404763
1.501083
1.591048
1.656368
1.587621
1.545354
1.728675
1.856911
1.57404
1.543092
1.558545
1.627293
1.508269
1.54292
1.548684
1.535383
1.596654
1.558758
1.551048
1.457169
1.613673
1.571035
1.590087
1.582709
1.576593
1.597705
1.648004
1.659102
1.612013
1.722328
1.756898
1.852721
1.700356
1.665607
1.652791
1.630285
1.619282
1.528893
1.498259
1.457533
1.319772
1.445813
1.371097
1.513417
1.498931
1.561659
1.543098
1.595932
1.588122
1.62068
1.50082
1.559505
1.633205
1.729894
1.70288
1.663273
1.60352
1.561308
1.492386
1.484019
1.51986
1.522067
1.478631
1.468717
1.474539
1.347961
1.441913
1.339485
1.395604
1.404417
1.33125
1.344139
1.44361
1.450841
1.379256
1.310975
1.245296
1.268128
1.241478
1.245443
1.314439
1.227602
1.371039
1.277385
1.150796
1.203984
1.155196
1.190631
1.195592
1.213387
1.202431
1.188219
1.271112
1.255143
1.34016
1.351266
1.309512
1.260733
1.292687
1.225792
1.22134
1.181005
1.208818
1.080838
1.09838
1.101309
0.9705076
0.9383801
1.00302
1.018337
1.124361
1.231057
1.211506
1.134795
1.222526
1.299265
1.23999
1.250934
1.201774
1.23311
1.266268
1.275002
1.301456
1.377297
1.329279
1.243906
1.183524
1.166649
1.144647
1.136707
1.181249
1.16505
1.18493
1.174363
1.111203
1.12786
1.16804
1.172776
1.122468
1.165715
1.24858
1.201746
1.075197
1.078461
1.240824
1.426066
1.293053
1.364847
1.345674
1.409702
1.438348
1.557981
1.54987
1.546574
1.613066
1.728086
1.67738
1.777038
1.844756
1.667578
1.486233
1.419336
1.435631
1.418382
1.53892
1.706755
1.70919
1.627113
1.805369
1.79767
1.756999
1.617352
1.579242
1.579112
1.574816
1.504106
1.640072
1.476215
1.356789
1.389777
1.282285
1.327735
1.437115
1.400524
1.514682
1.440445
1.217509
1.26807
1.285408
1.258148
1.271304
1.227512
1.305589
1.224995
1.271078
1.247787
1.31835
1.258489
1.20332
1.180478
1.280725
1.37018
1.500834
1.47512
1.580142
1.464705
1.475637
1.359499
1.419187
1.443763
1.358735
1.260728
1.23357
1.250476
1.203052
1.133145
1.04282
0.9842528
1.066577
1.046212
1.046465
1.10362
1.155208
1.046756
1.039433
1.154213
1.152681
1.156429
1.144956
1.093325
1.039991
0.9930588
0.959178
0.9169455
0.8987655
1.013882
1.073647
1.183275
1.204785
1.312942
1.223937
1.186576
1.171688
1.102095
1.150468
1.110782
1.051775
1.123762
1.149367
1.100849
1.154978
1.087736
1.028805
1.007338
1.045876
1.03195
1.037223
1.089515
0.9873233
1.009089
1.019764
1.046174
1.172097
1.122735
1.18407
1.160448
1.237498
1.316063
1.249048
1.394001
1.334512
1.445306
1.505975
1.517023
1.56552
1.627608
1.74818
1.779214
1.801847
1.714573
1.687805
1.762721
1.700441
1.702308
1.592343
1.610573
1.535529
1.486825
1.442493
1.359011
1.25564
1.331904
1.405284
1.228587
1.238201
1.264819
1.188305
1.135976
1.065191
1.234928
1.282642
1.313173
1.324798
1.183061
1.145353
1.173242
1.210324
1.339879
1.413445
1.322379
1.36188
1.431143
1.288801
1.413032
1.232096
1.303031
1.272339
1.298496
1.398183
1.29817
1.179066
1.187183
1.381449
1.388933
1.322186
1.286923
1.31718
1.451648
1.443679
1.490718
1.460854
1.492962
1.578619
1.65625
1.726211
1.907831
1.801119
1.814004
1.72658
1.624138
1.562866
1.549696
1.575249
1.556035
1.661869
1.738509
1.672547
1.64325
1.581367
1.578521
1.565956
1.40831
1.495825
1.505256
1.575862
1.536299
1.445838
1.329786
1.322453
1.287074
1.399419
1.408067
1.533432
1.491316
1.599797
1.544553
1.501973
1.436581
1.32513
1.34829
1.344582
1.225647
1.354306
1.3629
1.449095
1.476503
1.472726
1.473951
1.512322
1.440707
1.378097
1.393763
1.423931
1.372922
1.380913
1.370216
1.424068
1.546131
1.521569
1.273199
1.203799
1.310807
1.2383
1.198871
1.360099
1.297467
1.280735
1.289583
1.31272
1.344248
1.409201
1.377869
1.356826
1.336314
1.432833
1.449852
1.500113
1.481286
1.549258
1.588382
1.445267
1.418416
1.424526
1.599002
1.527222
1.569094
1.614493
1.706151
1.581356
1.404904
1.581756
1.47568
1.576761
1.646819
1.73335
1.627878
1.686945
1.552854
1.450246
1.417993
1.350202
1.397255
1.350956
1.324463
1.303768
1.351051
1.448505
1.43172
1.427323
1.440051
1.329315
1.325995
1.350101
1.389837
1.295584
1.300268
1.32315
1.345333
1.225202
1.322748
1.343353
1.340311
1.247553
1.205537
1.376993
1.38184
1.370388
1.358823
1.338729
1.372496
1.279066
1.127532
1.136631
1.197583
1.274588
1.218087
1.239264
1.250827
1.241147
1.286638
1.392316
1.436418
1.531096
1.581795
1.510881
1.693851
1.743907
1.685302
1.507786
1.529591
1.465846
1.497716
1.494192
1.497746
1.504096
1.509124
1.401073
1.576864
1.570502
1.605188
1.628946
1.634797
1.662922
1.634723
1.751061
1.759701
1.730275
1.703838
1.903895
1.977441
1.936372
1.741878
1.677625
1.682081
1.576711
1.531961
1.740195
1.779674
1.709339
1.659119
1.734346
1.678885
1.701066
1.767724
1.803683
1.752667
1.786859
1.683445
1.662573
1.617876
1.700232
1.626176
1.458021
1.459605
1.473839
1.517101
1.479919
1.457674
1.386239
1.320026
1.398926
1.440797
1.381167
1.438109
1.296124
1.27252
1.417266
1.481991
1.437076
1.417074
1.471448
1.402132
1.582461
1.442489
1.446309
1.342208
1.328936
1.314014
1.363736
1.163228
1.281781
1.251983
1.138584
1.085583
1.130092
1.191887
1.092064
1.119245
1.156908
1.195125
1.239764
1.24126
1.252431
1.211322
1.203042
1.227689
1.28006
1.286374
1.280148
1.329073
1.304736
1.331422
1.288027
1.255482
1.321047
1.255605
1.383179
1.362045
1.340191
1.299491
1.456951
1.498351
1.68703
1.667932
1.569926
1.45598
1.552719
1.418388
1.422691
1.42967
1.394113
1.356085
1.380771
1.397869
1.496635
1.518247
1.509546
1.550922
1.593401
1.569665
1.424055
1.439475
1.445649
1.326173
1.311613
1.253646
1.320394
1.334879
1.318471
1.254864
1.289168
1.217393
1.214626
1.304874
1.239674
1.369217
1.396828
1.474513
1.545939
1.559484
1.534983
1.564809
1.467008
1.597354
1.540678
1.519713
1.452621
1.618163
1.495842
1.463116
1.600542
1.498549
1.469692
1.575309
1.484521
1.435943
1.438189
1.320867
1.310785
1.352329
1.268705
1.271919
1.221701
1.229851
1.15282
1.129601
1.129378
1.115864
1.064902
1.124249
1.127913
1.107448
1.196919
1.194448
1.160658
1.155678
1.141948
1.128736
1.104781
1.144269
1.150208
1.151418
1.156711
1.223397
1.259775
1.288421
1.254356
1.382022
1.405947
1.389329
1.236166
1.237425
1.253572
1.2764
1.419543
1.365611
1.428386
1.395922
1.386251
1.306809
1.225889
1.296103
1.292211
1.441954
1.469119
1.485144
1.363214
1.334529
1.321999
1.370142
1.306591
1.251144
1.270103
1.207597
1.247638
1.154767
1.263431
1.178262
1.088652
1.054743
1.041903
1.145402
1.090364
1.057023
1.112851
1.003869
0.9824395
1.062454
1.010181
0.9889401
1.021185
0.9859438
0.9968519
1.069011
1.03578
0.991302
1.027261
1.040368
0.9684144
1.026389
1.020488
0.9832398
0.9894333
0.9277255
0.9781334
0.9621411
1.006513
0.9824801
0.9462823
1.115807
1.047895
1.117194
1.049561
1.051882
1.151619
1.167861
1.19876
1.184455
1.171435
1.128693
1.121789
1.163089
1.025371
1.07413
1.020569
0.9195397
0.9583384
1.007516
1.03961
1.091203
1.169264
1.126209
1.085649
1.076067
1.166201
1.175632
1.180258
1.122212
1.217209
1.161473
1.139745
1.227408
1.320047
1.337802
1.255645
1.137771
1.116279
1.211436
1.213533
1.292177
1.320691
1.295149
1.283116
1.121459
1.114812
1.250141
1.161142
1.259415
1.2986
1.216876
1.148696
1.256413
1.208377
1.167962
1.155878
1.134078
1.066612
1.029115
0.9915024
1.0277
1.107297
1.070895
1.178801
1.233991
1.278743
1.261117
1.298306
1.202179
1.237225
1.218548
1.251754
1.125439
1.189314
1.210109
1.184375
1.311304
1.441001
1.545915
1.40233
1.528736
1.378694
1.450729
1.535811
1.521909
1.44825
1.469065
1.435453
1.378224
1.323523
1.280464
1.294467
1.420953
1.372368
1.407301
1.458359
1.553777
1.667343
1.64955
1.606931
1.662991
1.661575
1.674496
1.656537
1.632318
1.523196
1.561627
1.502676
1.693904
1.738481
1.57652
1.592734
1.566339
1.472999
1.379411
1.503362
1.445664
1.3693
1.323831
1.417117
1.387672
1.425497
1.299615
1.265181
1.234654
1.264081
1.340864
1.344999
1.276195
1.132881
1.247648
1.126803
1.141013
1.108557
1.088216
1.136359
1.24247
1.266658
1.27054
1.213013
1.119022
1.020582
1.011249
1.017266
0.9727516
0.9827187
0.9892378
1.006775
1.090666
1.032888
1.090516
1.017757
1.041903
1.054784
1.063058
1.012298
1.118773
1.055335
1.113506
1.058981
1.104888
1.079192
1.126476
1.108412
1.130656
1.236727
1.191238
1.146264
1.121855
1.13244
1.176216
1.079262
1.104793
1.197121
1.174564
1.198365
1.064967
1.008124
1.067985
1.027855
0.9903191
1.132015
1.064885
1.020894
1.062161
1.11776
1.109395
1.012763
0.9005691
0.8998139
0.911069
0.940239
0.8716335
0.8513732
0.8348858
0.7895708
0.7044905
0.7314191
0.7260531
0.7331504
0.7263198
0.7281931
0.6585016
0.6572587
0.6768898
0.7127963
0.674992
0.6796432
0.6496983
0.7251974
0.6858307
0.7111078
0.7527256
0.7335558
0.7596088
0.6811287
0.7455652
0.6934563
0.7003748
0.7004179
0.6714608
0.6633563
0.6537492
0.6833578
0.6446164
0.6429858
0.6475619
0.6287194
0.6404578
0.6319075
0.6521795
0.6616535
0.6571576
0.7102793
0.6612496
0.7200179
0.7396842
0.7456859
0.7356028
0.7580999
0.7133978
0.8001705
0.8146249
0.7756535
0.8092139
0.8251162
0.8446694
0.8513515
0.818304
0.849845
0.8469025
0.8859793
0.8956638
0.8179749
0.8159368
0.8171371
0.7875677
0.7518325
0.7343183
0.757513
0.7283518
0.7625175
0.7976284
0.8907266
0.8477299
0.852358
0.8690025
0.8475849
0.9728827
0.9227186
1.002407
1.05459
1.122637
1.141952
1.116494
1.131802
1.148986
1.188943
1.115777
1.102083
1.156793
1.127682
1.106987
1.017225
1.040409
0.979945
0.9339283
0.9459553
0.9683326
1.071689
1.01124
1.038197
0.9664751
0.9620532
0.9643104
1.045205
1.000253
1.045435
1.064897
1.066099
1.07755
1.076156
1.07559
1.079591
1.092661
1.073533
1.105219
1.147058
1.053584
1.160069
1.02508
1.007134
0.951625
1.045622
0.9753672
0.90784
1.011309
1.094319
1.135495
1.102989
1.111508
1.085159
1.04989
1.099876
1.010305
1.073288
1.074432
1.041015
0.9932323
1.001492
1.055845
1.030046
1.239415
1.21714
1.265269
1.217559
1.105269
1.080243
1.149319
1.136647
1.04935
1.016814
1.084173
1.123431
1.177393
1.165354
1.262476
1.249968
1.35905
1.420775
1.464551
1.418026
1.562514
1.515138
1.484071
1.511287
1.472253
1.601221
1.711152
1.728198
1.641156
1.536717
1.596703
1.523492
1.576469
1.600043
1.628609
1.521258
1.503502
1.547991
1.582454
1.492816
1.415852
1.403929
1.436824
1.322593
1.508933
1.579639
1.403874
1.383147
1.358939
1.388666
1.368972
1.36254
1.442116
1.37026
1.331918
1.320075
1.433621
1.441261
1.598791
1.65608
1.508942
1.554133
1.53469
1.623774
1.695703
1.532944
1.530934
1.540191
1.531002
1.485356
1.694261
1.647197
1.561534
1.664443
1.679989
1.695165
1.788355
1.780965
1.610064
1.503372
1.529308
1.465092
1.544828
1.528761
1.450974
1.394042
1.359336
1.425029
1.469787
1.430481
1.377062
1.394502
1.42202
1.478986
1.416685
1.313502
1.332426
1.434823
1.501255
1.491033
1.404865
1.344336
1.403011
1.381755
1.401916
1.341092
1.386891
1.423887
1.555425
1.407559
1.388307
1.273756
1.268804
1.328917
1.43565
1.237884
1.240371
1.24461
1.213572
1.242572
1.230277
1.278988
1.282534
1.25169
1.322222
1.201266
1.19802
1.337076
1.468938
1.491624
1.55172
1.522708
1.610862
1.630624
1.478966
1.451735
1.599239
1.531312
1.575248
1.547963
1.664942
1.598436
1.492053
1.47708
1.54691
1.501149
1.680615
1.556454
1.461766
1.33431
1.342577
1.424213
1.517716
1.606604
1.672262
1.828132
1.93901
1.779545
1.733479
1.797865
1.845986
1.844569
1.818501
1.742056
1.817981
1.765183
1.914173
1.873113
1.812859
1.961077
2.032348
2.054881
1.929097
1.855889
1.826013
1.912452
1.944979
1.842411
1.864493
1.606626
1.606551
1.719651
1.661429
1.6951
1.604829
1.674687
1.632074
1.548619
1.680814
1.822124
1.895611
1.868957
1.874274
1.83505
1.843781
1.986161
2.163058
2.127276
2.125331
2.147002
1.944204
1.84167
1.750376
1.82651
1.759841
1.764148
1.73488
1.762481
1.750563
1.692282
1.7201
1.729349
1.831479
1.828451
1.962391
1.843093
1.880294
1.941414
1.931064
1.681322
1.721129
1.586129
1.63076
1.697506
1.845714
1.728004
1.613084
1.581149
1.597595
1.672132
1.583619
1.537127
1.552678
1.640607
1.694193
1.695771
1.787654
1.659351
1.631068
1.687639
1.520157
1.588074
1.458864
1.571137
1.643615
1.592476
1.436761
1.475607
1.546964
1.700167
1.594161
1.694997
1.593701
1.656668
1.766479
1.79836
1.685464
1.68464
1.569897
1.527151
1.480803
1.449504
1.344504
1.352554
1.365577
1.34818
1.211562
1.31516
1.227166
1.117048
1.14921
1.146105
1.169032
1.086936
1.10719
1.079633
1.104923
1.144061
1.100293
1.158237
1.216334
1.03372
0.9986879
1.004691
1.087305
1.092402
1.066227
0.9437056
0.9760442
0.9589571
0.9586654
1.005557
0.9850374
1.033121
1.032696
0.9832313
1.041895
1.036054
1.073761
1.124433
1.006706
1.012959
1.10898
1.147733
1.130918
1.129557
1.033141
1.068958
1.019965
1.027453
1.115951
1.134099
1.237655
1.293001
1.193173
1.313157
1.230381
1.239213
1.306977
1.277564
1.419907
1.500777
1.587754
1.669597
1.704019
1.732422
1.659411
1.614473
1.671056
1.659224
1.650542
1.599201
1.70785
1.799343
1.807084
1.789911
1.852876
1.81698
1.818789
1.909842
1.924506
1.94869
1.867083
1.852125
1.796871
1.80419
1.704181
1.614893
1.474408
1.564589
1.56681
1.512445
1.586843
1.583966
1.545331
1.463945
1.532255
1.560065
1.431488
1.587066
1.493237
1.49408
1.522746
1.475031
1.742835
1.664362
1.613016
1.582828
1.567404
1.678653
1.61637
1.689774
1.521636
1.605574
1.634192
1.736527
1.808964
1.778089
1.932603
1.953843
1.997641
1.938218
2.176341
2.058579
2.020653
2.069607
2.114311
2.027333
1.996345
2.150345
2.145736
1.999598
1.866965
1.919709
1.998018
1.832855
2.026106
1.983088
1.991933
1.877743
1.74981
1.838833
1.742385
1.68183
1.709807
1.699886
1.781181
1.755339
1.708811
1.681185
1.701224
1.70414
1.638835
1.662772
1.739057
1.63681
1.540588
1.608511
1.633418
1.609545
1.580763
1.652959
1.621922
1.572375
1.553378
1.52775
1.54309
1.464835
1.43
1.521276
1.422672
1.346238
1.324983
1.307044
1.359126
1.375463
1.435886
1.410902
1.435435
1.364306
1.417481
1.480297
1.703684
1.659742
1.716623
1.67896
1.601655
1.600867
1.63661
1.53993
1.522299
1.345155
1.314789
1.340246
1.376414
1.357889
1.345907
1.26353
1.262622
1.313599
1.433244
1.379031
1.333708
1.391315
1.403487
1.419503
1.556877
1.558868
1.682862
1.712514
1.69683
1.583505
1.561256
1.537851
1.642655
1.640326
1.561613
1.559278
1.658768
1.624138
1.753301
1.77807
1.795628
1.818821
1.640878
1.786157
1.66816
1.55666
1.507414
1.515023
1.404027
1.296407
1.308656
1.299658
1.283599
1.207922
1.359504
1.36462
1.419591
1.510992
1.481471
1.600652
1.5943
1.565125
1.645252
1.580369
1.508695
1.429261
1.459806
1.507689
1.441303
1.489235
1.575037
1.628705
1.630804
1.728254
1.627035
1.553918
1.560162
1.692922
1.748089
1.762313
1.718341
1.526409
1.533228
1.638458
1.753236
1.89412
1.905676
1.93564
1.877976
1.83955
1.838855
2.045122
1.859594
1.99319
2.1172
2.093289
2.173088
2.204774
2.244499
2.416377
2.173629
2.224489
2.154351
2.402377
2.581542
2.511815
2.522319
2.271786
2.111091
2.009917
2.058439
2.063213
1.91112
1.827049
1.749246
1.680726
1.616199
1.713583
1.59545
1.53843
1.52439
1.517785
1.604178
1.666758
1.809947
1.777047
1.777899
1.883904
1.77139
1.6876
1.635993
1.555687
1.60476
1.60613
1.585527
1.672325
1.685361
1.634732
1.858558
1.877715
1.735449
1.769959
1.827448
1.623303
1.62427
1.668709
1.690468
1.574158
1.390995
1.494787
1.537807
1.585
1.495962
1.55865
1.571444
1.497604
1.43371
1.372898
1.363503
1.400049
1.408179
1.411286
1.421507
1.490599
1.447669
1.53692
1.624773
1.620612
1.669891
1.612078
1.54938
1.444474
1.395119
1.427162
1.41286
1.650564
1.743791
1.794284
1.757766
1.528258
1.624291
1.661267
1.5968
1.530619
1.575869
1.611769
1.625013
1.681015
1.620574
1.597011
1.710805
1.680126
1.655867
1.751895
1.690647
1.810365
1.756261
1.788277
1.755042
1.690281
1.717368
1.804613
1.786841
1.707763
1.743399
1.613925
1.649273
1.653698
1.554056
1.489393
1.606107
1.635485
1.708277
1.670239
1.724325
1.668083
1.583734
1.651665
1.567151
1.695575
1.638987
1.8195
1.777587
1.65555
1.700687
1.595042
1.549384
1.533773
1.577037
1.54449
1.514186
1.545699
1.615718
1.669692
1.618444
1.680494
1.814748
1.743085
1.690176
1.787426
1.75378
1.976516
1.870596
1.856399
1.736703
1.630061
1.675195
1.701887
1.690954
1.761408
1.764377
1.633849
1.604102
1.678797
1.73929
1.632604
1.594655
1.491427
1.493713
1.478211
1.518404
1.565321
1.644659
1.519479
1.490266
1.451833
1.560266
1.58085
1.499947
1.53873
1.550071
1.517294
1.555767
1.467606
1.489759
1.584703
1.626846
1.646019
1.565187
1.639667
1.672086
1.5888
1.633418
1.674702
1.718985
1.742307
1.749356
1.704092
1.880422
1.931829
1.920152
1.785192
1.515847
1.55905
1.625286
1.438893
1.373523
1.410191
1.321492
1.388536
1.425786
1.433161
1.607623
1.612738
1.573495
1.713658
1.794302
1.648862
1.55337
1.531485
1.534722
1.502572
1.552475
1.451791
1.416263
1.390224
1.473133
1.466751
1.448555
1.443604
1.356075
1.400317
1.349977
1.450938
1.535537
1.621858
1.621968
1.685608
1.816628
1.764523
1.713193
1.910001
1.817448
1.837148
2.083705
1.981979
1.92609
1.709425
1.644638
1.629336
1.679209
1.715668
1.607779
1.559047
1.456812
1.509634
1.496083
1.333979
1.475946
1.54306
1.464154
1.493898
1.441799
1.514925
1.60169
1.8073
1.661396
1.732416
1.708847
1.795504
1.842005
1.912341
1.98401
1.951231
2.033063
1.931397
1.956571
1.840068
1.825038
1.788334
1.67114
1.59048
1.885858
1.789906
1.799445
1.885011
1.785031
1.881964
1.927499
1.746319
1.846795
1.929026
1.905038
1.911879
2.000399
2.11783
1.897741
2.005229
1.837898
1.63851
1.580273
1.55818
1.400804
1.310564
1.309351
1.303354
1.380402
1.468815
1.459536
1.508453
1.509535
1.507661
1.39674
1.404658
1.42481
1.364823
1.348582
1.342266
1.360682
1.343291
1.26099
1.287355
1.249018
1.245869
1.249498
1.324683
1.33565
1.310958
1.312514
1.355621
1.349991
1.316884
1.289167
1.268169
1.307114
1.325718
1.396882
1.405709
1.492736
1.421732
1.367943
1.341332
1.268247
1.253236
1.2151
1.168879
1.173178
1.304314
1.119136
1.084866
1.055603
0.9327884
0.9634525
0.9152328
0.9707641
0.9898328
0.9511487
0.9260487
0.9226301
0.9254516
0.9475737
0.9688648
0.9875826
1.007135
1.02378
1.010852
1.072334
1.023932
1.004212
0.9544997
0.9447255
0.9063142
1.018799
1.143796
1.125171
1.149658
1.163705
1.136088
1.159201
1.194446
1.088729
1.15794
1.036832
1.064054
0.9934115
1.073815
1.053913
1.036688
1.069793
1.081107
1.097046
1.020455
1.01201
1.07655
1.045282
1.099339
1.176197
1.190012
1.150247
1.20751
1.195584
1.311569
1.46488
1.320247
1.359811
1.374536
1.338145
1.286547
1.366499
1.477223
1.394349
1.317311
1.37085
1.301438
1.344893
1.431526
1.433275
1.441039
1.541693
1.521172
1.580685
1.552636
1.415329
1.469167
1.409528
1.508474
1.484013
1.531077
1.409287
1.388774
1.411158
1.31715
1.261401
1.318326
1.428097
1.469056
1.492872
1.561885
1.570057
1.495357
1.443847
1.583437
1.565602
1.538769
1.624994
1.603458
1.588791
1.430726
1.544543
1.553768
1.55301
1.569017
1.588674
1.556589
1.692317
1.732773
1.546425
1.432194
1.313755
1.283979
1.366475
1.538828
1.517399
1.456297
1.399026
1.400704
1.318149
1.238022
1.280082
1.238049
1.265288
1.36784
1.346432
1.346275
1.389747
1.447777
1.41691
1.618985
1.601479
1.555068
1.324043
1.361291
1.490339
1.581307
1.597682
1.602512
1.650854
1.658152
1.80276
1.883147
1.797695
1.617467
1.614481
1.616295
1.561902
1.664113
1.550292
1.803719
1.951447
2.054135
1.897145
1.949528
1.784982
1.550728
1.545658
1.441025
1.511831
1.358745
1.338363
1.412357
1.448594
1.494557
1.428494
1.383435
1.467376
1.439073
1.53344
1.764574
1.555319
1.47645
1.468992
1.612534
1.589585
1.475302
1.418571
1.358571
1.461213
1.466683
1.568035
1.549408
1.472533
1.54886
1.720587
1.570627
1.578139
1.492842
1.468677
1.478105
1.451955
1.505034
1.53673
1.456546
1.507752
1.454717
1.424402
1.462668
1.478941
1.403122
1.365454
1.297283
1.498535
1.423004
1.347504
1.389251
1.611835
1.765713
1.674301
1.598683
1.545889
1.641331
1.562404
1.641309
1.567457
1.443421
1.428439
1.347904
1.32097
1.317718
1.279478
1.386863
1.266963
1.250316
1.138897
1.174341
1.235739
1.307836
1.308612
1.363295
1.355299
1.469819
1.303191
1.332316
1.340241
1.330829
1.42609
1.325401
1.261612
1.309851
1.341298
1.323584
1.255004
1.313345
1.456235
1.447503
1.457158
1.374053
1.296233
1.342345
1.352315
1.4016
1.401708
1.592067
1.531239
1.43923
1.321429
1.433655
1.228994
1.420945
1.382585
1.267141
1.272439
1.316648
1.428163
1.387849
1.462558
1.519544
1.670294
1.750856
1.737848
1.691973
1.746154
1.748888
1.526887
1.519979
1.585586
1.640772
1.804176
1.714387
1.731269
1.846287
1.984839
1.961537
1.977882
2.17555
2.136912
2.0554
2.096532
2.209493
2.214931
2.142857
2.154843
2.202599
2.045718
2.114179
2.02585
1.897734
1.729701
1.840715
1.931561
1.871776
1.871432
1.690345
1.616068
1.697688
1.747427
1.682458
1.663342
1.792946
1.819474
1.756913
1.791472
1.733195
1.669259
1.723653
1.860809
1.920362
1.929319
1.794766
1.831416
1.810713
1.778845
1.791477
1.731911
1.643636
1.67556
1.722601
1.909565
1.873425
1.997829
2.055629
1.927862
1.986908
1.864534
1.891584
1.839234
1.827411
1.892893
1.789638
1.748291
1.758657
1.827556
1.95168
1.783048
1.899861
2.009384
1.898306
1.841566
1.826071
1.735759
1.744967
1.875863
1.93629
1.897962
1.754942
1.881985
1.840195
1.907395
1.924235
1.831354
2.02693
1.903733
1.852986
1.812176
1.820313
1.762539
1.710171
1.759181
1.836241
1.762323
1.850336
1.887394
1.935756
2.028599
1.857624
1.86554
1.883264
2.053789
2.0777
2.003282
2.005601
1.839166
1.96256
1.976679
1.870471
1.876282
1.903355
1.873445
2.045283
1.943213
1.976581
2.03613
1.923506
1.761522
1.664415
1.755884
1.786022
1.924127
1.764362
1.886949
1.934999
2.002217
2.061661
2.110261
2.158342
2.077564
1.888742
1.953576
1.939808
1.870168
1.854335
1.783315
1.683049
1.764518
1.852353
1.787078
1.782881
1.651597
1.821009
1.719464
1.639111
1.643431
1.756138
1.723976
1.693658
1.697658
1.593958
1.492569
1.507261
1.540668
1.393278
1.58172
1.585663
1.53387
1.675272
1.646407
1.773231
1.760049
1.896106
1.961145
1.821777
1.658523
1.620004
1.67289
1.5002
1.682661
1.767825
1.767107
1.652077
1.85541
2.029796
2.012436
1.907292
1.982442
1.951567
1.748397
1.779499
1.907143
1.862131
1.654474
1.804521
1.996647
1.818591
1.717461
1.733794
1.810461
1.723726
1.69014
1.595256
1.609346
1.602827
1.591348
1.482366
1.544554
1.652738
1.663161
1.559094
1.595127
1.728582
1.682273
1.669181
1.512892
1.454527
1.521043
1.53018
1.601747
1.576369
1.628587
1.519362
1.473223
1.532627
1.543194
1.439589
1.34685
1.39978
1.344966
1.354556
