0.02649158
0.01966083
0.01697207
0.01654846
0.01331494
0.01327376
0.01377574
0.02191141
0.02341346
0.02713736
0.02899838
0.03839872
0.08620197
0.08440992
0.1647999
0.279625
0.363142
0.4576019
0.2653735
0.4549077
0.3668549
0.3688194
0.2868372
0.2264912
0.2646467
0.217704
0.2835173
0.2924431
0.2448226
0.2617789
0.1937529
0.518295
0.2738576
0.2196267
0.4146584
0.2626855
0.2465929
0.2031484
0.3174232
0.3093699
0.3686576
0.3581201
0.407593
0.3007423
0.2504933
0.2877949
0.2239391
0.1830393
0.2854357
0.2626269
0.1938878
0.1965352
0.1784464
0.3445486
0.335442
0.4533364
0.3547402
0.3373093
0.3576852
0.422764
0.3379198
0.3685624
0.4503599
0.4199437
0.3615932
0.4396054
0.2349785
0.23802
0.268264
0.1968318
0.2093318
0.2256266
0.3001694
0.3282355
0.2746085
0.1910239
0.1934693
0.2936729
0.3197427
0.2597785
0.4439622
0.3482181
0.2976147
0.3089735
0.3337
0.3016415
0.418365
0.4054981
0.308353
0.4562872
0.3177371
0.3552844
0.3074354
0.2455511
0.2964246
0.3429704
0.3581174
0.4013018
0.5184046
0.3406571
0.3037957
0.3599583
0.4956069
0.2699025
0.3526282
0.3595812
0.4500492
0.4034443
0.2378704
0.3116352
0.2679187
0.3516813
0.3118107
0.2198493
0.353495
0.2742161
0.2795836
0.2852117
0.2951057
0.2489116
0.2002708
0.3130876
0.213241
0.2350945
0.2371063
0.2875887
0.2633857
0.295688
0.2975075
0.4278948
0.2687684
0.2798309
0.3340958
0.3105097
0.2897902
0.3075528
0.2509428
0.2680726
0.3356358
0.257043
0.2760765
0.3097035
0.3015818
0.2118945
0.2955819
0.3539072
0.3055609
0.2443492
0.3277314
0.2801438
0.3520646
0.3903729
0.4447498
0.5247871
0.5092551
0.4516728
0.3196814
0.3312414
0.3269547
0.4127379
0.2698526
0.3035855
0.4777625
0.2792917
0.2529396
0.3453072
0.3060251
0.3633446
0.4579329
0.2735459
0.3919667
0.2871185
0.4168217
0.3178354
0.3009928
0.3074324
0.3025483
0.3649318
0.4204132
0.3216
0.2960538
0.2690132
0.2892557
0.1997723
0.3163938
0.3073562
0.3270459
0.3501835
0.2927688
0.436624
0.4179843
0.2627239
0.2563687
0.2622998
0.4437592
0.2904466
0.2141423
0.1847981
0.1193471
0.208062
0.2625006
0.2763927
0.2958721
0.2617162
0.3371548
0.2843393
0.4461068
0.3116212
0.3175398
0.3538534
0.4118241
0.306889
0.3928293
0.3788531
0.3201145
0.4067553
0.351866
0.3154772
0.2602078
0.2206071
0.2681861
0.4511085
0.2463663
0.2920036
0.2397174
0.3021903
0.3539414
0.4209909
0.3129643
0.2911888
0.2673924
0.2746519
0.3398508
0.3552276
0.3349023
0.247505
0.3236809
0.2856981
0.3655656
0.3130179
0.3374072
0.3265676
0.4481633
0.4256153
0.4226861
0.2825323
0.3601802
0.4707964
0.3042965
0.2840649
0.3923817
0.2745696
0.2501107
0.3812344
0.3419476
0.2516413
0.3417239
0.3404191
0.3792505
0.321939
0.3457886
0.5887879
0.388526
0.3710945
0.2803091
0.3150001
0.2991949
0.3690335
0.3447915
0.2605299
0.3281776
0.2939621
0.3417145
0.4234596
0.3633647
0.2893239
0.2978884
0.2942188
0.383625
0.3146762
0.3898395
0.4032065
0.2681269
0.259222
0.2349987
0.186306
0.3232734
0.4308694
0.3281697
0.3234344
0.2371786
0.2703143
0.3150776
0.2670099
0.3325252
0.614894
0.3993165
0.3344958
0.3105255
0.3600607
0.3029687
0.2729118
0.3044405
0.2713473
0.4359469
0.3248781
0.3693707
0.2825825
0.2644429
0.2611144
0.3573895
0.3020084
0.2392874
0.2144662
0.42655
0.4956604
0.3612074
0.2034852
0.2418643
0.2656707
0.2558624
0.274017
0.3231936
0.335712
0.4634431
0.3492657
0.2631169
0.3381355
0.3351948
0.3303375
0.2447154
0.1963113
0.2679302
0.2755835
0.317827
0.3551045
0.4928719
0.3830532
0.2341177
0.253616
0.2954846
0.3949842
0.3406169
0.2782498
0.2089417
0.2750922
0.2771279
0.2605385
0.1973185
0.2836358
0.2906291
0.254077
0.218261
0.1877881
0.2382185
0.3466328
0.296626
0.2988028
0.2342645
0.2566905
0.2628421
0.2248835
0.237303
0.2864341
0.3620037
0.297403
0.4106196
0.4851164
0.2878785
0.2188519
0.2061049
0.2521684
0.2718597
0.4346969
0.3851032
0.317834
0.2932268
0.3579048
0.2643776
0.300506
0.2585758
0.3635538
0.2940703
0.1833581
0.3108073
0.2177243
0.1957524
0.2491642
0.2323285
0.2560569
0.3656588
0.3408579
0.2733579
0.1778315
0.1989152
0.3540638
0.1931861
0.2274093
0.2859282
0.2630498
0.3183404
0.1799941
0.14867
0.3022955
0.3219166
0.2659521
0.2341593
0.2214565
0.2917272
0.2679624
0.3640632
0.2215018
0.2404863
0.3540619
0.2522969
0.2501524
0.2565127
0.3385831
0.3024999
0.2060374
0.2031434
0.2168082
0.2981796
0.2837782
0.3124235
0.3001168
0.3410545
0.2603566
0.3399031
0.3994064
0.2810272
0.2871825
0.2789607
0.2929232
0.2486525
0.2427925
0.2954905
0.3550764
0.3612092
0.3560685
0.3318322
0.3545901
0.3515517
0.3760444
0.3206506
0.2383921
0.2909152
0.2924658
0.2481924
0.3144368
0.3055141
0.2546012
0.2895005
0.2795294
0.4002418
0.3035633
0.2557656
0.2916599
0.2526338
0.2543314
0.3124736
0.3159474
0.3013675
0.3784872
0.3677278
0.381112
0.4046875
0.3216689
0.2695471
0.2726384
0.2712398
0.4075419
0.341678
0.3143107
0.2713797
0.2050482
0.2119308
0.2040803
0.1734604
0.3027163
0.4256462
0.2575876
0.3324771
0.3355072
0.3108712
0.3685303
0.3341581
0.3469045
0.2910179
0.3023182
0.3346173
0.2707229
0.354312
0.3792906
0.3645636
0.4319712
0.5153746
0.3513119
0.3616711
0.349785
0.2931972
0.4561253
0.375637
0.4249612
0.276664
0.4110691
0.3643149
0.2437481
0.2029611
0.3021114
0.2898958
0.3585432
0.2928664
0.4933595
0.5838249
0.6090228
0.3479502
0.2594338
0.3926693
0.3605857
0.3952992
0.4431198
0.4076698
0.3203542
0.3386395
0.4106608
0.3495497
0.2213635
0.2715156
0.2731603
0.3097585
0.2653805
0.2713277
0.2169589
0.3276183
0.3395666
0.2371235
0.2892871
0.2776369
0.2478032
0.3964363
0.3223722
0.4554229
0.4630706
0.4128724
0.3345047
0.2968634
0.4028453
0.3467902
0.2863688
0.3418077
0.2994244
0.28309
0.3134941
0.3755315
0.3069905
0.2313908
0.4111346
0.3838908
0.3312572
0.3304731
0.5314939
0.4652617
0.3908475
0.3233731
0.3731855
0.3477505
0.4838379
0.4228178
0.3231832
0.3473857
0.3743688
0.3044005
0.3119904
0.2784256
0.2095014
0.2275588
0.3147991
0.3362774
0.2868596
0.2652099
0.2634321
0.3307815
0.3187988
0.3066537
0.3404845
0.2568837
0.2923564
0.3557702
0.3021929
0.2153096
0.192126
0.2947368
0.4336723
0.4462593
0.5330521
0.4263567
0.3794184
0.4158378
0.3304189
0.4566875
0.5722039
0.3661245
0.420337
0.4542686
0.3712007
0.2694026
0.2098063
0.2753333
0.1805451
0.2266432
0.2043191
0.2381406
0.304131
0.3117045
0.3986376
0.2687713
0.3313934
0.31802
0.336838
0.4662517
0.4167089
0.3826325
0.3322276
0.3411177
0.4114398
0.2764095
0.398573
0.3557935
0.299251
0.2425528
0.2851113
0.2497863
0.338711
0.3214806
0.2712561
0.2116389
0.2044243
0.2986064
0.3608457
0.2485971
0.2701988
0.2793194
0.3373003
0.2654617
0.2610128
0.2750181
0.2978344
0.2465508
0.2328442
0.2714625
0.3171679
0.3193613
0.2730058
0.3831183
0.5272922
0.3816197
0.3294637
0.3669765
0.2979859
0.3723596
0.3289253
0.2664049
0.2449396
0.2615606
0.3279492
0.3312501
0.4637155
0.3031568
0.4293827
0.3872127
0.3267469
0.211903
0.2792119
0.3650484
0.4194695
0.3097603
0.4075379
0.2845263
0.28977
0.4075651
0.4957951
0.4487887
0.2309246
0.2451767
0.1926161
0.2246191
0.3052837
0.2558267
0.2637408
0.2392676
0.3498859
0.2432212
0.2681602
0.2404284
0.3042678
0.3335751
0.3841314
0.339754
0.4769861
0.2651698
0.2996094
0.2395132
0.2995733
0.2597696
0.2652722
0.2826202
0.3084349
0.304134
0.3226258
0.2122165
0.2958687
0.2783543
0.2925291
0.2555246
0.2655717
0.3857781
0.5164112
0.2591936
0.2486929
0.2610503
0.3472096
0.2739813
0.2807939
0.3253988
0.3372852
0.3309197
0.3725051
0.2316855
0.2874607
0.3314519
0.2298451
0.3296558
0.2959383
0.411536
0.3011146
0.3611463
0.2397718
0.3041256
0.4295342
0.3607719
0.3382994
0.2211388
0.3399981
0.2580901
0.3172139
0.3467778
0.3493779
0.30506
0.2504684
0.2657894
0.2528313
0.301039
0.407228
0.2869518
0.3216879
0.44804
0.3986782
0.3256698
0.2721254
0.4164278
0.3706041
0.2324302
0.24524
0.3542122
0.2558889
0.4060143
0.3636172
0.3183984
0.3469951
0.3642253
0.3782993
0.232491
0.2131956
0.2857612
0.398372
0.4548571
0.351077
0.3715502
0.401974
0.3411234
0.2689828
0.2847537
0.3721642
0.3014344
0.2389199
0.2478232
0.282687
0.3769161
0.3085385
0.3935857
0.3733421
0.507412
0.3092449
0.2868189
0.3262016
0.2393194
0.3134347
0.3187887
0.2761136
0.307636
0.3018305
0.4457177
0.2850017
0.2310622
0.2433607
0.2243742
0.2592142
0.2811005
0.2137555
0.3003367
0.2963155
0.3248343
0.2662715
0.6317529
0.4941965
0.499221
0.3762161
0.284822
0.3016743
0.2518998
0.3893852
0.2733963
0.2599909
0.2930435
0.2222548
0.275823
0.2873096
0.2825661
0.3509109
0.3763462
0.2822718
0.3845897
0.3741238
0.5085345
0.6076963
0.3581777
0.4822078
0.3763906
0.3551569
0.4231951
0.3996064
0.3832688
0.3255925
0.2798943
0.2912335
0.2477469
0.2562499
0.2880431
0.2574253
0.2299743
0.2094265
0.26094
0.2755793
0.3021256
0.3209966
0.3177054
0.3386069
0.3421172
0.2508347
0.3554003
0.3586704
0.3526211
0.2870963
0.3686751
0.3002992
0.3519895
0.4731051
0.4081261
0.3085164
0.2630564
0.3524343
0.27685
0.2431443
0.3049174
0.224586
0.2978517
0.2596012
0.3168611
0.3648434
0.2984716
0.3309655
0.2979646
0.3232367
0.4190012
0.3443388
0.435523
0.2652555
0.3873455
0.3641566
0.2531377
0.2667512
0.273909
0.3327473
0.3150444
0.3527256
0.2768845
0.2900212
0.309494
0.3539054
0.2533885
0.3507085
0.4062257
0.3830467
0.3159284
0.3729076
0.2886033
0.3371319
0.2521214
0.286281
0.3441575
0.5363398
0.4532537
0.3269295
0.325216
0.4030436
0.396462
0.2632429
0.2902095
0.2482118
0.2671273
0.2483117
0.3843334
0.3566188
0.3999108
0.3286508
0.3848876
0.3901109
0.3345867
0.3165919
0.3457743
0.2642894
0.3557604
0.2746893
0.3664042
0.2774417
0.3044045
0.314745
0.2712992
0.3341112
0.2868315
0.2279378
0.3100517
0.3284939
0.3334361
0.3762745
0.3165388
0.3538681
0.2353529
0.3190782
0.4088393
0.2701718
0.3173763
0.2238792
0.3393439
0.3656998
0.3546724
0.2528371
0.2845796
0.2537891
0.3106377
0.4128224
0.4161576
0.2460799
0.3187323
0.2384516
0.2071307
0.1841309
0.2859663
0.3455068
0.3960352
0.3961721
0.3839312
0.3062379
0.3262756
0.4020753
0.297052
0.3072165
0.3106133
0.2644054
0.3364011
0.1932831
0.2174919
0.2766085
0.2672164
0.3726891
0.3283754
0.3300334
0.3550686
0.2445069
0.2849897
0.3382165
0.3001772
0.2832621
0.2920318
0.2980833
0.201341
0.2822435
0.3545681
0.2721462
0.3255503
0.2920947
0.3223368
0.2995018
0.2434756
0.236954
0.2288174
0.3226352
0.3700938
0.3914953
0.3297114
0.2429446
0.340125
0.3570766
0.248536
0.2963972
0.2901198
0.396494
0.3703681
0.3246741
0.3476348
0.2466101
0.3444892
0.3388947
0.4132284
0.3444852
0.3233221
0.3332144
0.278772
0.3403398
0.271966
0.3161775
0.2607213
0.3581056
0.3508648
0.4988713
0.3578131
0.3359784
0.3018374
0.2729221
0.3249832
0.2215635
0.3213292
0.3986807
0.2978
0.3398162
0.3224755
0.2359902
0.3431092
0.4077945
0.2295126
0.2406238
0.2533695
0.2778335
0.3131459
0.3842143
0.2095108
0.2953746
0.2956713
0.1854846
0.2546338
0.4167579
0.2801087
0.3359829
0.2974163
0.3508535
0.3560472
0.3698983
0.4096403
0.224568
0.2880694
0.4049974
0.293266
0.2122601
0.2372277
0.2457678
0.277546
0.5104367
0.3972257
0.415505
0.426512
0.4556826
0.3077135
0.2514196
0.3039609
0.2902889
0.4765733
0.2967132
0.4083349
0.326823
0.3628431
0.4136538
0.3532512
0.3866155
0.360241
0.5361736
0.3313236
0.27457
0.3530235
0.2058272
0.2032245
0.2589217
0.3129703
0.2275062
0.3032929
0.2598604
0.3248778
0.3253391
0.2437442
0.2957691
0.3988666
0.3206198
0.3946753
0.3140875
0.3510876
0.6399998
0.3769965
0.5169657
0.3454997
0.2882981
0.2727607
0.2643233
0.2518281
0.2769681
0.3120829
0.3225879
0.2536021
0.2452287
0.3753857
0.2843701
0.2820519
0.3559233
0.294587
0.250703
0.3082219
0.3957106
0.339648
0.2830499
0.2298698
0.2909922
0.2521747
0.2601121
0.3418677
0.2460574
0.2594068
0.341673
0.2791533
0.3012687
0.3738766
0.4512816
0.4393697
0.446202
0.3253898
0.4555685
0.455048
0.3955703
0.3529855
0.3221284
0.4001251
0.3367159
0.342825
0.3242489
0.3364727
0.2799344
0.2665723
0.3035255
0.3221112
0.384868
0.3174808
0.3553038
0.4593277
0.3146925
0.3762838
0.3164969
0.3405778
0.2513104
0.3041793
0.3097834
0.2521169
0.261143
0.4000884
0.2946951
0.2634354
0.296
0.2354885
0.2798718
0.3065442
0.2780265
0.2366025
0.3299799
0.3538931
0.246375
0.229192
0.3219518
0.353547
0.2595022
0.3174763
0.1749508
0.2490753
0.3352923
0.4469798
0.339187
0.3109087
0.2676963
0.279489
0.247027
0.2466498
0.3210165
0.2836014
0.4144265
0.4102367
0.2921819
0.3247656
0.3058158
0.3825027
0.3093978
0.255697
0.2726449
0.3367205
0.2616332
0.2720114
0.3118369
0.3124927
0.290715
0.4449674
0.4921415
0.4769555
0.3213708
0.4726329
0.4183335
0.2900723
0.2980276
0.3170501
0.3917903
0.2883016
0.2395314
0.1791625
0.406382
0.3645416
0.2564305
0.2406383
0.3247497
0.2637535
0.2212003
0.2055318
0.2685269
0.2945841
0.3528499
0.2622028
0.5043916
0.2866295
0.3447779
0.3144508
0.228975
0.3321362
0.262147
0.2478933
0.3058712
0.2998427
0.4551123
0.3578866
0.2239895
0.308937
0.3272882
0.2569986
0.2599607
0.2797708
0.3669816
0.3660443
0.2830241
0.2261671
0.4691558
0.3950997
0.3146594
0.2615694
0.3123106
0.3501305
0.3871337
0.4061379
0.4949127
0.2296632
0.2970236
0.3573871
0.5323369
0.3034425
0.2820228
0.2900252
0.4445808
0.3120077
0.4373836
0.5922743
0.4431312
0.5307904
0.3620268
0.4154958
0.44432
0.2967505
0.2757918
0.26956
0.2629445
0.3158631
0.2913241
0.2021249
0.3115103
0.3438444
0.3886364
0.2524564
0.2808274
0.3314131
0.3051628
0.2748035
0.2510139
0.2458432
0.2152577
0.325229
0.3338995
0.2312814
0.2071363
0.3270978
0.3416933
0.3679703
0.5113395
0.2954616
0.3462411
0.4038387
0.3013941
0.3563126
0.3214492
0.2316082
0.327232
0.2715733
0.2516187
0.2019191
0.3774022
0.3530484
0.376801
0.3730098
0.3243263
0.322922
0.3196001
0.3092654
0.3031428
0.297838
0.3389449
0.3145111
0.2371825
0.3121963
0.3363208
0.3094331
0.2826913
0.3109243
0.3274291
0.3404783
0.1944533
0.1893723
0.2445439
0.2332942
0.2385183
0.2786093
0.2457612
0.3826318
0.4019986
0.3482359
0.2494953
0.2690751
0.2388666
0.1796109
0.2154278
0.2475607
0.2855339
0.2651387
0.281855
0.3725092
0.2562315
0.2636402
0.3476847
0.3596444
0.3077491
0.3197709
0.3540468
0.4214737
0.3406911
0.3753259
0.3119073
0.1804674
0.2681214
0.2863178
0.2865224
0.3787273
0.3700132
0.299099
0.2984474
0.2800105
0.2888467
0.3168794
0.3892033
0.3678968
0.3156234
0.4016452
0.4079158
0.4178919
0.2848856
0.3880875
0.3437958
0.3011503
0.268509
0.2527571
0.1935226
0.3167806
0.294603
0.28855
0.2623279
0.2298369
0.2648904
0.2830628
0.2722013
0.3754996
0.306833
0.2789827
0.2730057
0.3992837
0.3458347
0.3928366
0.4675224
0.3229816
0.4653716
0.2578005
0.2257402
0.3679489
0.3251242
0.274592
0.2496116
0.252201
0.2063103
0.3102984
0.2642002
0.3678333
0.3154295
0.2820113
0.225178
0.2164841
0.2885907
0.2436968
0.2820109
0.3040685
0.2977739
0.3358412
0.4514704
0.3156433
0.3783762
0.2545863
0.3125494
0.3090089
0.2578346
0.269401
0.2561402
0.2180234
0.2500225
0.4607553
0.3152436
0.3754161
0.4392133
0.4178265
0.3335238
0.47599
0.3475416
0.286776
0.2197689
0.2545699
0.2437567
0.2357905
0.2793142
0.2663546
0.2990571
0.2482306
0.2442088
0.2632124
0.2748775
0.1659914
0.2264257
0.1724913
0.3049918
0.2546374
0.2444778
0.3277941
0.2092033
0.1842363
0.2437763
0.2480671
0.285641
0.339597
0.3069729
0.1691024
0.3578886
0.4122553
0.3776936
0.3511985
0.289082
0.2312572
0.3148683
0.2546236
0.3538568
0.363928
0.3664293
0.359596
0.2481917
0.243937
0.2667783
0.2945162
0.2740602
0.2578254
0.2738816
0.2574335
0.279663
0.2516639
0.2409226
0.3138548
0.2400017
0.3483533
0.3533694
0.2737666
0.2310042
0.4006704
0.3866614
0.3731057
0.3609977
0.2835291
0.3809536
0.3914395
0.2886224
0.351723
0.3973519
0.2628214
0.3763457
0.4109498
0.3177473
0.3790799
0.3747907
0.331302
0.3101952
0.2518392
0.3247805
0.3030812
0.2588389
0.3043845
0.2818973
0.3298594
0.3992017
0.2460915
0.335154
0.3053037
0.2582356
0.2560336
0.2995166
0.3810627
0.5110572
0.3271069
0.4954873
0.3453284
0.3565405
0.2353271
0.4585604
0.246802
0.2566809
0.3072708
0.3365921
0.3037529
0.3453029
0.2303934
0.3014167
0.2831674
0.229009
0.2783299
0.2473621
0.2626781
0.3545012
0.2400716
0.2629398
0.3468802
0.3993139
0.4608329
0.452922
0.5134167
0.387794
0.4626443
0.4045026
0.3055039
0.2526334
0.2317984
0.3944458
0.4106945
0.3253948
0.3595479
0.2701673
0.2629128
0.4509781
0.2840459
0.2613403
0.2728093
0.3047233
0.2971937
0.3844299
0.371484
0.3485155
0.4061215
0.3159048
0.2564644
0.2454246
0.3737295
0.4519327
0.3314495
0.3234486
0.2743963
0.2577452
0.3350384
0.4171307
0.3569428
0.3925005
0.2850449
0.2254607
0.3127707
0.3014424
0.2797598
0.1920519
0.3121556
0.1993919
0.3480384
0.4577316
0.4411282
0.4921749
0.3065137
0.2650739
0.3420636
0.2701367
0.2821754
0.2223337
0.2423327
0.3450717
0.2780534
0.361727
0.3093069
0.2837857
0.2874263
0.3557439
0.3895143
0.4002894
0.4483448
0.3719272
0.3583347
0.3342515
0.3187979
0.2486065
0.2816469
0.2630554
0.3340487
0.3395444
0.2688499
0.1956011
0.3090936
0.2870516
0.3889401
0.2989337
0.337061
0.3596792
0.2651672
0.2769768
0.3495425
0.2956714
0.438177
0.293939
0.2716789
0.2680883
0.4262528
0.3627083
0.3000084
0.3833306
0.3789586
0.3324674
0.308771
0.1967743
0.3405982
0.4346369
0.2604044
0.3123608
0.2428521
0.3729376
0.2564912
0.2933343
0.3098614
0.3771784
0.3339349
0.517103
0.4020232
0.2276499
0.3235419
0.3026629
0.3249139
0.338404
0.2477561
0.2858006
0.2556943
0.2553715
0.4266815
0.3226019
0.3388725
0.4346214
0.3883304
0.4585801
0.3181872
0.2580128
0.3119781
0.2532134
0.2563866
0.3018641
0.439346
0.3514115
0.4108731
0.3300945
0.2888355
0.376334
0.4132222
0.2770635
0.4184606
0.4220269
0.2239001
0.186051
0.2081596
0.1555713
0.1838577
0.32112
0.1919479
0.3454439
0.3222247
0.3054514
0.3547893
0.2962643
0.3818768
0.2801857
0.2357921
0.2606246
0.1929008
0.2884044
0.2664039
0.2835301
0.3036538
0.4338623
0.3726013
0.2485629
0.3118725
0.3246992
0.2279667
0.2205905
0.2275448
0.2891954
0.2611032
0.3217451
0.3754222
0.4838517
0.2865832
0.2301019
0.3893865
0.2977563
0.2352641
0.2401205
0.2703886
0.2016459
0.2826072
0.3377777
0.1750547
0.1634734
0.2319315
0.2847291
0.3276505
0.426604
0.2459095
0.2742362
0.2714994
0.3160111
0.3396336
0.3273026
0.23159
0.2688344
0.3121765
0.2982387
0.2951219
0.4946624
0.2986106
0.2888132
0.2155008
0.4014934
0.5180376
0.2721911
0.3747015
0.329958
0.2648572
0.202921
0.1806879
0.2415118
0.2344857
0.2349869
0.2165964
0.2926262
0.2301321
0.3344863
0.4017492
0.3377314
0.4355785
0.5126222
0.3421144
0.3357136
0.3584012
0.3247101
0.2491646
0.2482898
0.2075337
0.3059736
0.304266
0.3613829
0.3257138
0.377389
0.3640276
0.3155869
0.3400098
0.3311982
0.2243177
0.2954558
0.2897788
0.353993
0.3013212
0.1868271
0.2596674
0.2591707
0.187798
0.1977209
0.204577
0.3237133
0.3792351
0.3939611
0.2916953
0.363264
0.2633118
0.2946456
0.3856327
0.3820044
0.2072997
0.2978531
0.3686985
0.4113471
0.3939735
0.4960824
0.303033
0.2942557
0.3731763
0.3386694
0.361156
0.1792398
0.2360647
0.3005763
0.3029172
0.3481107
0.2042714
0.3093963
0.2750966
0.420062
0.4455991
0.2581718
0.2911433
0.3629705
0.3659213
0.2434436
0.2956321
0.2233702
0.2644084
0.2946445
0.3260168
0.2850685
0.2082135
0.3236493
0.3714245
0.37847
0.4052789
0.546025
0.3189894
0.2383238
0.1838827
0.2786578
0.3469283
0.3326784
0.3566592
0.3943334
0.326329
0.3702513
0.4673207
0.3717632
0.2648713
0.345481
0.255379
0.2864397
0.2950775
0.3606413
0.4070265
0.4303261
0.2907581
0.238533
0.3532775
0.4087375
0.4045242
0.3375448
0.4169578
0.3488185
0.33985
0.385131
0.3244054
0.3153717
0.3266981
0.3211331
0.3248258
0.2258881
0.3186251
0.2974805
0.3864687
0.2696459
0.3615055
0.2386186
0.2631177
0.2884305
0.2520921
0.4296114
0.3155168
0.2943881
0.2811024
0.2393666
0.3851546
0.2786522
0.247216
0.3120717
0.317371
0.3098463
0.3061801
0.3697969
0.3951631
0.331962
0.2489027
0.2281407
0.2584764
0.3229254
0.4146927
0.326348
0.3353087
0.3446553
0.4640518
0.3915432
0.4340493
0.3551916
0.3340781
0.2875674
0.3179607
0.5457055
0.3384542
0.4658862
0.4558924
0.3896644
0.4395153
0.3863555
0.4003448
0.225973
0.2554902
0.2924399
0.3460465
0.2677917
0.3363726
0.3951492
0.5272305
0.2199761
0.1774284
0.1700776
0.2762265
0.2814969
0.1540365
0.2485303
0.2999246
0.4108424
0.3970066
0.375929
0.3279461
0.2417977
0.306733
0.4046709
0.3368286
0.3157405
0.3650278
0.3702573
0.3662472
0.3449348
0.56568
0.4516123
0.3226574
0.3431996
0.2899018
0.4014922
0.383142
0.260295
0.3563757
0.2610303
0.3563449
0.2993536
0.3003128
0.3759546
0.2434046
0.3273057
0.465278
0.3580153
0.4517302
0.4216446
0.4129171
0.2575316
0.2881396
0.253088
0.1949328
0.3250671
0.2880333
0.3754866
0.5212069
0.363364
0.3084985
0.2831633
0.2235259
0.2747702
0.2944686
0.2404488
0.326908
0.354632
0.4536043
0.3200217
0.4047693
0.3532263
0.2588985
0.2718243
0.3556505
0.3168934
0.2553081
0.27607
0.5370685
0.3236557
0.3158785
0.2594322
0.2408813
0.3255378
0.2420398
0.2220532
0.3311123
0.3323615
0.2756162
0.3417447
0.2446318
0.2021991
0.2068427
0.246717
0.3197521
0.3459078
0.4827427
0.6570078
0.2703507
0.2843703
0.28614
0.2968884
0.2786909
0.2674286
0.2412316
0.4122712
0.36025
0.342638
0.2331638
0.2778288
0.2853693
0.2628607
0.2652912
0.2434681
0.3208952
0.3830204
0.2920645
0.3343762
0.3445931
0.2470088
0.2577746
0.244402
0.3075884
0.2715996
0.2557225
0.287288
0.2645283
0.2512185
0.2762551
0.2260296
0.2961156
0.3429151
0.2430314
0.3376477
0.4208105
0.3867361
0.2311461
0.3928806
0.3782898
0.4231981
0.3826841
0.4121953
0.3180117
0.2992648
0.294369
0.2946475
0.2198729
0.2988543
0.3725474
0.3437535
0.2438923
0.255491
0.2226978
0.2746942
0.3019514
0.560457
0.4275014
0.2965523
0.2582966
0.2935736
0.2781087
0.3079954
0.2748315
0.3868527
0.4175849
0.2763786
0.2609949
0.3893807
0.3159391
0.3973073
0.2652402
0.399043
0.3813097
0.345422
0.4097789
0.329623
0.2608215
0.3023299
0.2635985
0.3575338
0.2575276
0.2255961
0.2220783
0.1919427
0.2290878
0.2785802
0.2389397
0.2725519
0.4133368
0.3031353
0.264588
0.2048053
0.2271725
0.2992988
0.2336577
0.4214235
0.4245523
0.4393594
0.3271097
0.2426649
0.2671423
0.2700515
0.3361685
0.2107722
0.2377465
0.2642888
0.2681445
0.2711123
0.4163977
0.3500485
0.3512578
0.3613977
0.3152799
0.369867
0.3048051
0.3599208
0.4265565
0.349118
0.3985726
0.3070258
0.3768141
0.2296231
0.3135889
0.3221055
0.3131777
0.2914593
0.2184457
0.3135447
0.2610576
0.2512473
0.2827568
0.3543273
0.3363016
0.3072643
0.3342825
0.4072997
0.3222334
0.2161482
0.1637003
0.2633757
0.3645256
0.2406716
0.3960977
0.4055625
0.4727721
0.3625066
0.2519231
0.2923041
0.4060372
0.3122411
0.2507583
0.244283
0.4087992
0.3118151
0.267728
0.2030005
0.3196095
0.3434683
0.3446863
0.2515186
0.3070647
0.3047993
0.3200826
0.2262387
0.1449899
0.1129056
0.182025
0.2070064
0.3181761
0.2553321
0.2863921
0.392569
0.269242
0.309742
0.2945603
0.2845399
0.2550526
0.2969381
0.2759362
0.3737973
0.4038995
0.312753
0.3495166
0.3425848
0.2533003
0.2955104
0.3289398
0.3004794
0.3688389
0.2877804
0.3595613
0.3383085
0.3491289
0.2686886
0.3573511
0.3461634
0.4019481
0.3688735
0.2601617
0.3761038
0.2510563
0.3714586
0.2698129
0.3055702
0.208154
0.2024764
0.2565015
0.2331834
0.3165132
0.3338016
0.2849057
0.2974815
0.3854791
0.2534832
0.3181084
0.3910068
0.2798965
0.2968927
0.322137
0.3544806
0.4531655
0.4697239
0.3883651
0.344324
0.2455828
0.3216915
0.2715949
0.3795671
0.2457604
0.3146277
0.3592023
0.3335319
0.3311211
0.3561537
0.3257993
0.3152883
0.3063517
0.260867
0.2704278
0.3246429
0.2161065
0.2461096
0.2889351
0.3773896
0.410615
0.3303792
0.4055409
0.4543199
0.2578205
0.3525867
0.2915446
0.218871
0.2967863
0.3979384
0.2171348
0.1951363
0.1764602
0.254898
0.2472822
0.3470194
0.3369674
0.315963
0.2507072
0.1889957
0.235719
0.3731282
0.213424
0.2177251
0.2742716
0.289964
0.278379
0.1979581
0.2522542
0.282659
0.3846922
0.3505988
0.3222503
0.4786974
0.343867
0.2881033
0.310123
0.3820722
0.2676664
0.2495038
0.3492087
0.2164338
0.3348754
0.3358172
0.3656985
0.2577143
0.3629718
0.2158778
0.3368054
0.3526857
0.3887176
0.3616794
0.3865747
0.3572635
0.2508265
0.2949964
0.3513096
0.3515627
0.4196375
0.4060982
0.4515662
0.4479644
0.4026727
0.3065664
0.3475475
0.3252451
0.3188954
0.3423556
0.2936805
0.2573232
0.2183897
0.4238041
0.5245411
0.4457482
0.2897594
0.316088
0.31355
0.2054271
0.3444723
0.3122051
0.3268156
0.3110893
0.3360983
0.3360696
0.3314745
0.3045326
0.2452401
0.3449566
0.2802044
0.2562347
0.2436812
0.2463031
