0.5912437
-0.6441188
0.5920419
-1.223897
-4.760173
-2.31731
-4.324419
-1.740663
-0.636714
0.1797295
-2.715358
-3.087758
-3.770671
-1.369706
-1.837766
-0.6547358
-0.8025776
-0.09792921
0.4233394
-0.9190428
-0.9929385
-2.466058
-0.8186076
-1.587973
-1.216864
-1.099856
-3.421672
0.7413129
0.6210008
1.269659
-0.204429
-2.523206
-0.9232098
-3.275875
-1.642104
-0.5838559
-1.174343
-1.747904
-1.096652
-0.3447642
0.5889689
0.8340193
0.6323135
-0.3496346
-1.447902
0.1813885
-0.7642635
-1.456988
-2.572333
-1.430827
-2.75348
-1.037966
0.7462778
-0.5267959
-1.290657
-0.2882698
-0.89283
1.179015
1.898154
0.8610527
1.300196
0.1180136
-2.702912
-1.371072
-0.7415985
-1.636382
-0.02959269
0.693251
-2.125267
-0.3643828
-0.519764
0.8562017
1.023137
-0.03665282
-0.1321421
-1.637197
-3.490121
-1.377435
-2.184793
-2.753378
-3.30383
-3.369429
-2.555886
-0.8556428
0.5945691
-0.2004099
-0.3318575
1.249624
0.4955707
-0.3797349
0.03801756
0.3554735
0.3103865
-0.4468379
0.4101061
-1.143758
0.2938388
-0.06716095
-1.017412
-2.77866
-1.799356
-3.032536
-1.767038
-1.55623
-0.4963643
-0.2971565
0.6152378
1.438322
1.509794
1.622701
0.5234551
-0.903191
0.2174937
-0.3084124
-0.03048998
0.006767645
-1.129926
-1.835149
-1.686077
-4.614118
-2.143489
-1.420297
-2.623956
-2.564888
-1.329128
-0.9220198
-0.535306
1.49339
-1.651981
-0.008606972
-0.9011015
-0.3664889
-2.672904
-2.571474
-0.4924908
-0.5871787
-0.6412109
-0.7720031
-2.031793
-2.051668
-2.17022
-3.602956
-2.938333
-2.355692
-1.233522
-0.4279878
-1.120696
-1.787018
-2.293119
-1.753434
-3.233971
-3.768635
-2.387486
-2.837341
-0.7620857
-1.00226
-1.047029
-1.153564
-0.6897489
0.518445
0.4852985
-1.477072
0.03748358
0.8132339
-0.5527436
-1.575704
-2.515453
-2.066486
-2.548374
-2.644973
-2.752941
-1.476056
0.3916713
0.4337766
-0.9630711
-1.335509
-0.8155046
0.01948823
0.4417672
0.2983028
0.3653445
-0.5866468
-1.35593
-0.4006346
0.5626877
0.3964811
-0.5073647
-1.145952
-0.4933981
-0.3597688
-1.348391
-0.5458838
0.4769811
-1.525679
-0.9240917
-0.3589271
-1.624082
-1.123744
-0.8060076
-0.4261386
-1.614151
-0.3250402
-1.490114
-2.63327
-2.600204
-0.9303756
1.872044
2.291627
2.506742
1.608253
-0.1674168
-1.111854
-1.0067
-1.546065
-1.403043
-3.047934
-1.249345
-0.3822935
-0.5077241
-0.8825008
-0.431115
-2.38992
-0.1611594
-0.5399326
-0.223093
0.4019055
1.124045
1.116189
1.307803
0.6529946
0.07769881
0.163139
1.44115
-0.0368736
-1.773956
-3.152747
-1.816017
-0.2710104
-0.8235851
-2.38834
-1.634841
0.9893024
2.207948
-0.3858984
-1.300991
0.1993342
-0.6460611
0.8832707
2.089268
2.818571
-0.3337843
-0.8513494
-2.738151
-2.350916
-2.323291
-1.568161
-1.072835
-1.804195
-2.094147
-3.53148
-2.711327
-2.518515
-2.703587
-3.551019
-3.045488
-2.44222
-1.452154
-1.664218
-1.657788
1.174079
0.3252258
-0.2372767
-2.720402
-1.698747
-2.060291
-1.831675
0.2913013
-1.461644
-1.243095
-1.061671
0.3310334
0.5888274
-0.2938127
1.171227
1.817156
-0.07976674
-1.435318
-1.196782
0.30863
-1.079266
-2.372801
-1.911272
-1.506422
-1.728358
-0.6780535
-0.07137435
-1.518186
-1.529069
0.6328033
0.9619163
0.7846083
-2.01781
-2.183718
-2.220182
-2.789454
-2.08842
-0.1059895
-0.1887573
-0.2377382
0.4499681
-1.551058
-1.58486
-1.054783
-0.6194899
-0.003979286
0.003078861
-1.889807
-1.081388
-1.039178
1.24681
1.041488
1.33613
0.05368894
2.380545
0.2852738
-1.813224
-0.4830674
-1.408293
-2.088381
-1.275682
-0.9195449
-0.8002355
-1.182176
-2.11995
-0.8017221
-1.020465
-1.25216
-0.9505328
-1.481193
-1.837028
-1.052005
-2.792578
-3.418708
-3.377211
-0.1836961
0.4789579
-2.226453
-1.453736
-1.660825
-3.042595
-1.501904
-1.750371
-3.213974
-1.332042
-1.05495
-2.271757
-0.8819271
-0.9994778
-2.755123
-2.293414
-1.610005
-1.261855
-0.2923287
-2.50297
-1.578642
-2.133371
0.007031983
0.6776332
-0.2478721
0.5193366
1.20447
0.2841913
-2.048365
-1.117274
-1.721784
-1.170501
-0.828145
-0.8131437
-1.583963
-0.1661868
-0.2758073
-2.600186
-1.281206
-1.615094
-1.729448
-1.389868
-2.648398
0.1168727
-1.581632
-0.4882894
-0.854552
-1.946344
-2.359688
-1.367629
-1.558422
-1.263379
-1.66305
-1.678476
-1.43853
-1.503651
-1.207941
-1.686396
-0.6041134
-0.1837833
-1.712263
-2.53809
-3.453128
-1.542219
-2.771922
-4.123497
-2.927475
-2.783684
-2.531326
-0.3236051
-0.8458966
-0.1295629
0.4660404
-1.287902
-1.437903
-1.677799
0.3690266
-0.2592893
-1.838619
-0.8940889
-1.667205
-0.6563035
-1.63128
-4.460127
-2.092197
-0.769733
0.3073911
-0.01835301
-0.1491487
-2.560505
-2.074117
-1.016175
-0.5244158
-0.03176377
-1.351559
-1.60681
-2.107161
-2.482985
-2.189958
-4.078071
-3.17439
-0.8667698
0.7923909
1.885493
0.9275467
-0.3498387
0.4128577
-0.6172313
0.6822556
-0.2821816
-0.1679797
0.3930431
1.751478
0.1884981
0.1209575
-0.52823
-1.112345
-0.4961479
0.6018741
-1.982087
-0.8461474
-1.611607
-1.956823
-2.016414
-0.7948626
-0.8464408
0.2807901
-0.3960652
-2.02145
-2.865601
-3.527696
-2.954208
-0.867357
0.2155761
-0.2544967
0.387499
1.062549
0.8695789
3.787716
2.827546
1.373268
0.4759645
-0.2178969
-1.917926
0.05078756
-1.141563
0.2301956
-0.9255591
-0.9092571
-0.8629238
-0.5400444
-0.2656368
-1.849538
-3.336977
-0.5466825
-1.62296
-1.920636
-1.574174
-1.763751
-1.152665
-2.449792
-1.778547
-0.7946276
-1.321711
-1.381422
-0.6293943
-0.517918
-0.9358517
-1.927046
-0.9038677
-1.86073
-1.279092
0.2066878
-0.7016746
-0.1620417
0.7208568
1.041373
1.016199
1.628287
1.612307
-0.4100519
0.5559632
-0.7917993
-0.7716838
-3.309256
-0.281527
-1.545849
-1.473904
-1.022811
-2.782547
-0.9537377
-1.598707
-2.838405
-2.380728
-2.630616
-0.9316739
-0.3016223
-1.069814
-0.5871255
-0.3486654
-1.689812
-0.4166324
-2.202818
-2.26275
-0.712112
0.1658863
-0.3265269
1.024567
-0.03375901
-0.5816897
-1.220228
-0.5125874
-1.738632
-1.841968
-1.66753
-3.065052
-0.7484421
1.297376
0.9072159
0.7339203
2.646826
0.5634007
1.890586
2.177135
0.3051683
-1.128305
0.2449225
-0.5496982
-0.7890799
-0.6474331
-1.037304
-1.181471
-0.8705056
0.06989842
-0.3157227
0.5534607
0.3499371
-0.7637802
-1.18861
-1.545094
-0.643014
-0.268591
-0.02169971
-0.4393298
-0.6159249
-1.301804
-2.654603
-1.171591
-0.8456444
-0.3994177
-0.02169813
-0.6443589
-0.5640734
-1.160273
-0.0936176
-0.9197394
-0.7952046
-0.8960608
-1.923533
-3.941691
-1.989517
-0.5441682
0.007667234
0.3698436
0.003895214
-2.059359
-2.365388
-1.585677
0.5241735
-0.6542108
0.2117794
1.283128
1.202848
-1.835675
-0.2747023
-1.26483
-0.3336211
-1.066207
-3.051117
-2.998383
-2.093743
-0.2886334
1.010425
1.073633
2.321776
-0.2830396
-0.08038527
0.6241227
0.06343687
-0.1288871
-1.852916
-2.661501
-2.199698
-2.52856
-1.523286
0.09344349
-1.275201
-1.088977
-1.117983
-1.381164
-1.096524
-0.2027866
-1.792135
-1.032151
-0.4771826
-2.075622
-1.310245
-1.840104
-0.6698714
-0.17038
-1.50239
-0.5599491
0.4369826
-1.968568
-2.760186
-2.6494
-2.572946
-2.53839
-3.08977
-2.955009
-1.418602
-0.9766
-0.9288099
-2.693816
-1.06344
-1.935416
-2.184585
-1.837554
1.015706
0.3044809
0.6170735
-0.0614651
-1.832394
-1.682121
-1.301175
-2.070454
0.1142667
-0.3776063
0.9162536
0.1926102
-0.7548773
-0.4210151
-0.9126796
0.5608814
-1.619583
-1.943196
-0.6433223
0.1753498
-0.9124528
-1.746979
-0.7471054
-1.097294
-1.657533
-1.403599
-0.9969127
1.190881
-0.3296555
0.02589067
-0.08956246
-1.198807
0.2091281
-0.3103304
-1.20885
-1.012147
-0.4229516
-0.1341266
-0.1941761
-0.2755283
-1.350469
-0.8254948
-0.6732334
-0.615379
-0.3987014
0.5477639
1.172909
-0.4270497
-0.2439355
-0.1154598
1.245737
0.5646568
-0.715596
2.026223
2.722891
0.01613953
0.3950623
-0.1887024
-0.803204
0.8329849
-0.5950599
-0.5569126
-1.791236
-0.598691
-1.979693
-3.118006
-0.5840177
-1.332992
0.3764974
0.5939608
0.7087394
0.7987654
0.3011922
-0.9793057
-0.7359278
-1.23751
-0.05670379
-1.289469
0.7041638
0.4460271
0.3826936
0.005194621
1.618141
2.073513
1.917401
-0.1254505
0.9424448
-0.3462593
-1.256877
-0.4143429
-1.017718
-1.302588
-0.157166
-0.4021957
0.3347458
-0.7708961
-2.882844
-4.033415
-0.5141606
0.2147482
-0.6337856
-0.6970907
0.1542551
1.087485
1.063967
0.9081584
-0.799396
-0.5541969
-0.009320323
0.5801898
-1.291966
-1.743451
-1.27594
-2.339564
-3.728899
-2.79216
-0.2553023
0.992636
0.2835768
-0.3089249
-0.05464494
-0.5528262
-1.14779
-0.2480814
-2.913359
-4.098882
-1.181123
-2.147275
-1.728694
-1.405655
-2.713526
-2.612812
-1.899556
-1.279286
-0.8768768
-0.4852078
-1.332352
-2.070231
0.6879698
0.0889104
2.200721
1.81545
1.234667
0.09077151
-1.730363
-2.15228
-1.803736
-2.06465
0.1894661
0.3433657
0.2506469
0.04169128
-0.1302965
0.02552863
-1.189997
-0.05835534
-1.949494
0.00575935
0.2737843
-1.7542
-1.873872
-2.775736
-4.756822
-2.974462
-1.684643
-3.245375
-1.949298
-0.720057
-1.605405
-1.036898
1.042324
1.355675
0.8554198
-0.1302015
-0.215869
-0.2581368
-3.696923
-1.210027
1.076148
1.233012
0.1981115
-0.4485081
-1.263243
-0.1903825
-2.153373
-1.40405
-0.8801049
-0.7999482
-0.4424508
-0.4986046
1.805254
0.9157236
0.6301615
0.2919838
-1.571413
-0.770678
-0.5836949
-0.08552462
0.1048815
-1.203368
-0.3481132
-1.196208
1.136042
-1.621847
-2.703249
-1.134668
-0.1546242
1.663111
0.2872499
-0.5916221
-0.9754881
-4.644266
-2.664825
-2.208677
-2.090746
-2.030529
-1.41397
-1.88445
-2.525532
-1.271967
0.785876
1.240683
0.5326622
-0.01683399
0.9192102
-0.1280709
-0.1488434
-1.871104
-1.751355
-1.167491
-0.9249853
-1.778752
0.0922112
-0.3547387
0.4690281
1.237825
0.353898
-0.5205143
0.3844474
-0.2374405
-1.36839
-0.888455
0.5283288
0.5079443
-1.359456
0.2008613
-0.08310698
0.3532394
0.2693132
-1.29501
-0.7550924
-0.6438284
-0.807962
0.1336808
-0.3381611
-0.6956638
-1.715302
-1.422366
-1.313563
-3.32791
-1.720461
-2.229633
-0.6162963
0.8937595
-1.808877
-2.790418
-3.250235
-3.603507
-1.086573
-1.652513
-1.417259
-2.101022
-3.060301
-1.838937
-2.485717
-0.9205327
-1.010531
0.2075341
-0.1115302
1.492361
1.482702
-0.319664
-0.5519742
0.8088061
0.6444259
-1.138717
-1.171629
-1.870207
-2.297489
-0.3170965
0.8571525
0.01593583
-0.3677529
-0.9511279
-1.778682
0.9950929
-2.389792
-2.351634
-1.717776
-0.4387353
-1.144943
-0.8118953
-0.4578407
-1.060926
0.3389481
-0.1997024
0.2738679
0.9990825
2.235528
0.6534982
0.9478806
-0.05481159
0.7478725
-0.3394366
-0.1243726
-1.060614
-1.591732
-1.923197
-2.789181
-2.396108
-2.097268
-1.161938
-0.3197323
-0.07758355
0.3951425
0.4028876
-2.681492
-2.313956
0.1438862
2.012704
-0.3700724
-2.361037
-1.463967
-0.7539262
-1.528414
-2.089401
-3.430866
-3.229593
-3.0928
-3.460691
-2.379828
-2.624594
-4.028542
-5.114417
-2.119902
-2.226612
-0.9947028
-1.457837
-1.682872
-0.8603179
-2.068689
0.8028972
0.06042634
0.2777596
-1.145395
-1.821484
-2.54036
-3.478998
0.2936349
0.6280132
-0.5091801
-0.5012988
-2.348117
-2.558174
-1.841499
-0.3071515
0.321773
-1.141284
-1.422845
-0.7698257
-2.120566
-2.632595
-2.011927
-2.279978
-1.744638
-0.979974
-0.4530963
0.184757
-0.3033583
-0.5039389
0.7782121
0.08240922
0.9507707
-0.8316579
0.588054
0.6000038
0.3355319
0.4983881
-0.6512557
-2.219373
-1.119001
-1.443847
-1.902457
-1.663939
-0.688248
-0.5873559
-2.07749
-0.397876
-2.015805
-0.8285939
-2.003584
-1.544906
-1.326639
-0.3538029
-1.00958
-1.410946
-1.06678
-2.499288
-0.6572851
-0.05040288
0.4400111
-1.568801
-2.908478
-2.227241
-2.699515
-1.416442
-1.101101
-1.000494
-1.018244
-1.497844
-0.5756797
-1.229967
1.210623
0.6171206
0.09821497
0.3814394
-0.4072255
0.02994374
-0.6892566
-0.4760664
-1.480437
1.27909
0.4292444
-0.7133458
-1.839219
-1.048362
-0.08623729
0.3598432
0.004177339
-0.2396015
1.100328
-0.1361813
0.5643543
0.2006346
-0.276833
-0.2382379
-0.01240535
0.160313
-0.2673408
-0.206856
-0.1051569
-0.6967172
0.9220448
0.6364641
0.2802195
-1.647143
-1.72505
-0.6778094
-3.346505
-0.2778628
-1.062869
-1.303251
-1.608513
-1.196033
-1.053444
-0.9261004
0.9714744
-0.7845746
-0.9233158
-1.165389
-0.7231224
0.1312537
0.2314698
0.463593
0.09223297
-0.4325511
-1.101535
-2.337337
-1.607737
-1.250089
-1.171455
-1.749068
-0.1318047
-1.814836
-3.213725
-3.182747
-1.373652
-0.2616049
-0.273633
-1.687903
-1.571399
-0.7873148
0.3631849
-0.2682359
-1.006081
-0.4921829
-2.220347
-2.994993
-2.971207
-0.8792785
-0.02770368
-1.439339
-1.163199
-2.535386
-1.808089
-0.9964791
-2.762049
-2.282841
-1.91827
-3.06288
-4.262862
-3.256221
-0.6107225
-0.2897661
0.6959774
0.9648162
-1.186272
-0.7087383
0.2446574
-0.04567572
-2.138972
-1.659252
-1.428319
-1.059789
-1.29828
-1.248592
-0.3057737
-0.7254479
-1.070786
0.8232918
-0.2044109
0.1873202
-1.524503
-0.8942838
-0.3449067
0.7272062
-0.8163925
-1.227784
-0.2829804
-0.899416
-2.493718
-2.518195
-1.686557
-0.6511107
-1.885919
-0.01217801
-1.596143
-2.396754
-1.119252
-1.243098
-1.329246
0.05851066
0.4540849
-1.163055
0.2112093
0.6334566
-0.1481283
-0.05998055
0.1281548
0.6793328
0.8021759
-0.2344458
-0.2083024
0.08224119
1.628484
0.8157618
0.4638712
-0.003446127
0.2610904
-0.1427911
-2.128071
-2.157231
-0.03397253
-3.365846
-0.6964399
-0.4139594
-0.6128166
-0.6058548
-3.164163
-0.9624571
-0.8673789
-1.205021
-0.7980637
-0.6341663
-0.09154348
0.1611666
-0.2611494
0.4589433
0.5542363
-0.1992459
-0.5223118
-0.4074584
-0.8054246
-1.855055
-1.991144
-0.9666862
0.6285162
-0.6563898
-0.08126699
-0.3628097
-1.498328
-1.264311
-2.635882
-2.359631
-2.544631
-1.296259
-2.217575
-3.200513
-3.257018
-2.789699
-2.206442
-2.164227
-2.222324
-1.982879
-1.877315
-1.982183
-1.415094
-1.645749
-0.8242388
-1.443835
-2.286059
-2.209948
-1.176776
0.6745296
-0.01699487
0.654263
-0.5320367
-0.2598042
-0.9982317
0.9272324
0.6785074
-1.701569
-0.3637926
-0.3586584
-0.07600362
-0.9009398
-1.068273
-1.678174
-2.171448
-1.13296
-1.439419
0.9801436
0.6345455
0.3584528
-1.12931
-1.332468
-0.06216705
0.8192684
-0.873749
-1.324027
-2.119501
0.1100361
1.419829
-0.8471495
-0.7818057
-2.241742
-2.24743
-1.50155
-0.8945546
-1.454209
-0.8318264
0.1556345
-1.019247
-1.045256
0.8647544
-0.2542545
0.2773205
1.646379
1.557965
-0.008679162
-0.7939164
-0.7347587
-1.401554
-1.336449
-0.9330567
-1.815706
-1.326323
-1.363535
-0.05403575
0.7030731
0.7261662
-0.05668002
-1.169271
2.101882
0.584464
-0.8352922
-1.115105
-0.6309519
0.4031252
-0.6228874
0.5527173
-0.4352784
-1.287284
-0.9200632
-0.757639
-1.298767
-0.5700579
-1.036452
-0.7505261
-0.1042514
-0.0394558
-1.306056
0.7609469
0.1266272
-1.526993
-0.6382269
-0.2872234
1.199814
1.164188
-0.7387258
0.9688852
1.628773
-2.01657
-1.23993
-0.4322712
-0.6519992
-0.6508301
-2.489218
-2.431402
-2.16814
-2.702147
-2.059076
-0.877137
-1.658096
-0.6973853
-0.5482955
1.104642
0.4342469
-1.838284
-2.416429
-0.3533267
0.1467201
0.4720773
-0.6110187
-2.016979
-1.573587
0.8370798
1.332874
0.0361574
0.3293675
-1.546832
-1.042931
-0.6929913
0.9692452
0.4438549
-0.7312496
-0.4060087
1.218509
1.421497
3.65238
0.8733993
-1.136981
-1.081009
-0.3161829
-2.83466
-0.6613399
0.5462418
-1.445833
0.5725822
0.234923
0.2921356
-0.1296001
-0.7119729
-0.9939222
-1.612776
-0.5430257
-1.894833
-1.609525
-0.1272048
-1.778965
-0.9041121
0.6840779
-0.5240471
-3.201088
-2.965906
-2.216162
-2.733906
-0.6901396
-0.5554696
-0.5690543
-1.8735
-0.08091334
-1.261282
-0.8130145
0.08584926
1.919972
0.3317217
-0.03885711
1.804421
0.958671
-0.1587816
0.2017845
0.8663927
-0.6270184
-0.313227
-1.086353
-2.405299
-1.837814
-0.09302097
0.08668383
-2.74673
-3.299101
-3.032812
-4.180489
-2.40516
-1.536874
-1.647957
-2.346613
-2.397644
-0.864637
1.446426
1.777172
-0.03632533
-1.88315
-2.217688
-1.501233
-2.153301
0.07330252
-1.18598
-0.311968
-0.7034839
-1.29647
1.556945
1.613968
1.806639
0.08869486
-0.2601461
-1.660981
-2.546709
-1.85472
-3.608809
-2.65699
-1.527272
-1.817106
-0.8195613
-1.433651
-0.9908432
-0.2368865
1.385026
-0.6469136
0.05948787
0.7619653
0.8497694
0.2486197
-1.874156
-2.564789
-0.5749116
0.4772605
0.02929023
-1.607293
-0.1527283
-0.8145078
-0.7856173
-1.563869
-2.559771
-3.171061
-1.893943
-0.8275327
-1.257223
-0.8830794
-1.72193
-2.5102
-3.558774
-3.527092
-2.085534
-0.007646675
0.1680613
0.3132206
-0.9323233
-2.261846
-1.841168
-3.753277
-3.562139
-2.669487
-4.611305
-0.4730665
0.004335864
-0.9027073
-0.9214781
0.8266996
1.387029
0.4878715
-0.0788538
-1.185693
0.8621587
-1.17547
-0.8286059
-1.349146
-2.693714
-3.046128
-1.812403
-2.570579
-0.09229943
-0.9499633
-0.938856
-0.6004276
-1.903745
-1.877789
-0.1142027
-0.4287553
-1.645568
-0.8190591
0.6152035
-0.5093336
-0.7522989
-0.963094
-0.4846304
-1.235664
0.6440248
0.0960813
-0.6284255
-0.9736441
-2.422685
-2.416223
-1.808013
-1.956038
0.02134147
-1.041991
-2.465946
-2.299987
-1.159448
-1.078821
-0.4504172
0.2147447
1.856898
1.903931
1.519316
0.0699328
0.5679099
-1.539888
-0.6278068
0.6726682
0.2102283
-1.516528
-3.066905
-1.108566
-0.2305183
-1.081581
-0.8145535
0.9325043
0.2081237
-0.1009591
0.9193447
1.088565
1.869348
-0.882126
-3.30523
-0.8265691
-1.058304
-0.7523281
-2.207116
-2.032197
-1.93577
-0.1216436
0.3026124
0.188016
0.606158
0.5300199
1.682969
1.919134
1.771153
1.73132
-0.306944
-0.7735365
-1.840905
-1.645913
-2.116719
-0.1758069
0.3896982
-0.3260796
-1.144227
-1.98393
-1.51041
-1.269859
-0.6177568
1.390506
0.8630063
1.76002
-0.4081768
-1.42473
-0.9569012
-3.145223
-1.15092
0.08896106
0.3386523
-1.418788
-0.7365549
0.03201057
-2.357799
-1.343751
-1.052175
-0.4182055
-1.985039
-3.361934
-3.749354
-1.179254
-0.7695057
0.01315387
-0.4305372
-0.4906001
0.9500348
-0.1911111
0.3012454
-2.438421
-2.768514
-0.7178673
-0.6521069
-0.2875298
0.6766318
0.2800456
-0.8355501
-2.279
-2.229708
1.222831
1.732826
1.155929
0.8559971
-0.1030407
-0.4005667
-1.200435
-2.37014
-0.5617364
-0.7811404
0.5668442
-0.6925004
-1.3336
-2.430395
-2.190292
-1.417535
-0.2850593
-0.4003866
-0.1108651
0.7445822
2.380302
1.772245
0.7014177
0.4905738
0.4268659
-3.651675
-3.648706
-1.823955
0.06207671
-2.036589
-2.330745
-3.544794
-1.182274
-1.694235
-2.068806
-4.334539
-1.776649
-0.1001014
-0.4110161
0.04539959
-1.471606
-2.620763
-3.795528
-2.359447
-2.116156
-2.193698
-1.711471
-0.5025698
0.7576887
-2.293495
-0.4945686
-1.250093
1.826629
0.1947843
-0.9157274
-0.9072062
-0.9331974
-1.02202
-0.219738
-1.304655
-1.287363
-1.53785
-2.505831
-2.423108
-1.821421
-2.966171
-2.765209
-2.176097
-0.9349719
1.736509
0.9453196
2.670077
2.953031
1.979115
1.560562
1.390856
1.721279
-0.8796255
-0.5820755
-0.306258
-0.9357535
-1.243976
-0.9490909
-2.511418
-1.035163
-0.616888
-2.645769
-3.041588
-4.189879
-1.974188
-1.114046
-1.286904
-0.7712029
-0.9774409
1.568488
-0.1616932
-1.488536
-2.783451
-2.430459
-1.914437
-0.8433369
-1.130032
-1.636409
-1.96721
-1.722276
-0.778674
-1.106748
-1.362176
-0.8963891
-1.01007
-0.7598065
-1.108231
-2.413696
-0.5003573
-2.047394
-0.8702944
-1.045758
-3.216378
-2.480939
-2.109386
-2.10708
-2.307662
-1.911793
-3.22856
-3.298076
-2.8303
-3.106053
-2.719502
-2.244175
-2.866463
-1.311748
0.5986332
0.4883066
0.3162546
2.112792
1.525948
1.364061
0.06517514
-0.03907469
-2.481001
-0.8074599
-1.37035
1.865083
0.7004361
-1.087469
-3.145153
-2.595998
-0.5688519
-1.210445
-0.969196
-0.4646827
-0.9472817
-1.975149
-1.95016
-1.977167
-1.089644
-3.469982
-3.15917
-2.852651
-3.895062
-1.672598
-2.176492
0.3944129
1.686537
1.164604
0.1534445
-0.2949661
-0.1640929
-1.507531
-1.866669
-2.080682
-2.492659
-1.182969
0.1205613
0.1422448
1.499858
-0.413247
0.4386988
0.01486474
-0.7394691
-2.41809
-1.825468
-2.104612
0.01691077
-1.195186
-0.914504
-0.7361429
1.065717
0.3890839
-0.628258
-1.719957
0.2195221
-0.2092982
0.04877886
-0.9767699
-1.272497
-1.644358
-1.665699
-0.5964582
-0.661191
-0.8419626
-1.466654
-1.693605
-0.9074755
-1.18882
-0.5762141
-0.3805645
-0.5343825
0.3893084
-0.1428418
-0.5779622
-0.8075775
-1.01171
-1.176629
-1.601958
-1.784579
0.1166439
-1.745566
-0.648259
-2.020426
-3.367764
-3.958654
-1.707554
-0.8869745
0.3860145
0.6579649
-0.6028803
-2.667553
-1.176195
-2.233957
-1.949614
-1.489754
-1.815277
-1.219075
-0.2753748
-2.232563
-1.513896
-3.005552
-2.93653
-0.9514076
-1.848787
1.211184
1.109093
0.8536052
-0.2264471
-2.089838
-0.6517298
-1.702926
0.4502437
-0.2116684
0.5151784
0.2503861
0.568157
-0.9744568
-1.210559
-1.845573
-2.875244
-2.473278
-3.123057
-0.297208
0.75749
-1.373119
-1.483172
-1.977479
-1.048859
-2.615119
-1.346859
-3.279023
-1.538736
0.2434468
0.4375235
-0.9162597
-0.6053373
-0.37307
-0.3645967
0.06920947
-0.3309385
-0.4834105
-0.3182812
0.6496004
0.9928209
0.632409
0.518219
0.8784489
0.02751961
-1.448587
-2.699454
0.08938287
-1.398958
-0.9647811
-0.7802469
0.8092724
0.5082582
1.148778
-0.9729031
-1.160535
-1.42686
-1.039958
-0.5638134
-0.3607981
0.4023276
0.8259426
0.673349
0.4399314
-0.5549772
-1.4692
-0.9420208
-0.1594205
-2.1886
-2.843003
-2.605025
-2.551555
-3.04578
-1.912662
0.3384097
0.7415105
-2.201016
-2.612641
-0.7280439
-0.2334949
-1.738419
-0.6341545
-1.351414
-0.8816573
-1.090454
0.8454873
-0.1683948
0.337466
-1.673507
-1.10094
0.6517883
-0.678476
-1.328573
-1.815061
-0.5482212
-0.6456484
-0.882987
-0.03513224
-0.1989719
0.0618786
0.6912948
0.05182118
-0.9291633
-1.684271
-1.378371
-2.61853
-0.5438876
0.5159715
1.755843
0.4062689
1.211854
-1.096285
-1.117744
-1.324387
-4.624615
-3.508934
-2.270157
-1.401418
-1.877514
-3.015593
-0.2795414
0.1986657
-3.552043
-3.466463
-3.79502
-3.070783
-1.718344
-1.192305
1.56814
0.9475307
-1.289035
-2.465297
-2.02537
-1.130942
0.6497485
-1.058777
0.6618088
0.5794342
0.7037887
0.5589282
-0.1177674
-1.761954
-2.961345
-1.380581
-2.041183
-2.048308
-3.357277
-1.15986
-0.2489382
-1.814776
-0.3562901
0.308473
-0.9849274
-0.4166349
-1.250822
-1.633925
-2.734681
-3.858761
-2.219897
-4.133511
-3.282513
-3.658681
-3.781877
-1.68999
-2.035187
-2.682092
-2.073574
0.2141333
0.66668
-1.554156
0.271411
-0.1889438
2.06793
1.054913
2.673452
0.1333745
1.363753
0.3407326
0.2979226
-0.1633174
-2.21836
-2.123444
-1.604119
-0.008099108
-0.7557739
-0.7372172
-1.765832
-1.043287
-0.7808135
-1.51792
-3.290267
-1.223734
-1.51124
-1.54022
-1.969102
-0.4617611
-0.5015916
-0.4153588
-1.406741
-0.3456564
-1.555471
-0.9664347
-2.000254
-3.515565
-1.214285
-0.3545125
-0.08719314
0.342441
1.290913
-0.6662665
0.1860186
0.08955147
0.4148162
-0.8480659
-0.4442396
-1.099469
-2.036749
-1.904291
-1.242437
-0.9086912
0.1506178
-1.499934
-2.641656
-0.2729475
0.02716093
-0.4579849
-0.8055385
0.0674367
-0.2040796
0.04691391
-0.5929344
-1.559276
-1.016063
-3.527946
-1.614155
-2.091242
-1.47956
-0.03237203
-0.3389969
-0.7958786
-0.06773092
-0.4853885
-1.492225
-0.3859806
-0.1456605
0.5675505
0.3411563
0.7218754
0.1538148
0.6240776
0.5111531
-0.7718565
-1.436219
-2.596514
-0.5964415
0.2384606
0.1608606
0.7331711
-0.1466842
-0.4315565
-0.09276908
-1.747321
-1.346587
0.08124646
0.164704
-0.1387287
-0.05635527
-0.9344213
-2.074509
-2.039377
-2.539877
-0.4026029
0.05012392
0.2159037
-1.063516
-0.844893
-1.343098
-2.289504
-1.413369
-1.410714
-1.557927
0.2279088
-0.6802537
-1.41259
-1.756333
-1.176441
-2.10254
-4.070215
-3.816288
-2.979374
-0.5583724
0.09572583
-0.09340177
-0.3398061
1.265712
-1.967855
-0.3175581
-1.715144
-1.465199
-1.531124
-2.645402
-0.1204516
0.1739856
-0.1719545
-2.003401
-2.897483
-0.4207236
-1.666058
0.0523787
0.1485911
-0.4152198
-1.802173
-3.072125
-1.88053
-2.323737
0.6119209
-0.8539025
0.8974611
-0.1879844
1.391972
-1.64552
-0.2686582
-1.622583
-0.8288638
-0.9836187
-0.7049113
-1.254758
-2.322597
-1.186515
-1.923776
-2.528023
-2.138723
-1.557178
0.1524519
1.489331
0.6517057
0.4010986
-0.8443643
-1.757085
-1.125783
-3.53226
-3.080271
-2.067124
-2.039583
-2.061255
0.3339439
0.3382483
-1.658636
-0.1780189
-0.1163305
-0.221115
0.8653988
-1.153072
-0.946442
1.163941
0.06707819
0.5327348
-1.661168
-0.4180237
-1.109628
-1.394659
-0.1018265
-0.04944595
0.5794402
1.783517
1.001477
-0.0535424
-0.6943654
-0.2076568
0.9864132
-1.569861
-0.4034443
-0.7549861
-0.6312932
-0.1069293
-0.243887
-0.8808965
0.426784
-0.06605493
-2.655435
-0.6360511
-2.005164
-0.9218361
-1.980376
-2.182458
0.05801771
1.027175
-0.8231407
-0.7636498
-0.2926802
-0.8265114
-1.132355
-2.152019
-2.743883
-1.524137
-0.1040894
-0.1591743
-1.752361
0.1519948
0.2164855
0.5066911
1.365304
0.5059463
-1.466381
-2.473842
-2.189684
-2.321267
-4.583736
-2.917317
0.6247002
0.3178491
-0.5459328
-1.326736
-0.8864855
-1.082252
-2.671792
-2.18658
0.03944557
-1.108108
-1.896803
-1.348997
-2.719204
-1.72897
-2.03982
-0.7678317
-1.882763
-1.997485
-1.219897
-1.176344
-2.681304
-3.52796
-2.468094
-0.4696149
0.5292468
-0.02865316
1.516059
0.2450618
-0.8078898
1.007936
-0.4242283
-1.050195
-1.364071
-0.2094322
-1.811465
-1.773326
-2.247152
-2.063972
-1.467611
-0.2610057
-1.842506
-1.06654
-3.263447
-1.770613
-1.007863
-0.3678491
-2.160161
-2.173785
-2.82011
-1.180031
-1.489746
-1.098353
-1.692934
-1.649271
-2.565395
-2.989663
-1.270463
-2.50136
-1.55547
-1.084668
-0.191842
-1.002953
0.09437168
-0.2115916
-1.469267
-1.872187
