65.99295
69.68116
58.97953
63.65819
74.47584
79.04111
97.66401
75.42643
71.29289
54.54563
52.23821
91.3657
53.45587
44.97054
27.67539
17.94367
13.95304
11.29168
18.07136
18.90319
14.76005
12.23953
12.79136
19.12075
17.2121
22.70638
27.93809
25.1242
17.12784
25.06788
28.56138
16.85571
22.51732
29.91672
19.9531
16.41208
27.03688
18.35234
18.13434
11.80089
17.52003
18.84471
17.49597
22.64226
21.2014
18.04863
27.37516
18.3175
23.83818
22.31673
38.99367
32.46332
26.02734
21.61599
15.98067
20.22312
15.88366
20.6242
18.75176
29.66587
21.25812
12.64943
13.8444
16.64379
14.46078
13.08148
23.62396
29.98925
26.54577
28.02786
22.83549
18.19711
19.05335
16.41526
20.89069
24.55145
23.58037
19.30355
22.28615
12.97588
20.07052
14.76341
13.89771
16.68872
16.21349
17.3675
18.43469
15.68606
19.6508
18.16307
21.83041
14.40046
18.56435
16.66417
14.08446
10.24218
13.54843
13.95296
16.87876
14.77299
12.07646
20.2503
12.85926
14.58581
12.35299
17.51796
10.71479
14.25004
23.30835
15.66344
18.35962
18.35009
21.35621
22.83765
17.95026
28.94845
16.32772
24.19681
20.25095
19.90751
19.66017
16.23973
25.76487
14.22226
19.63594
16.74432
25.53575
14.12231
23.52475
24.4587
17.70884
22.62706
13.31663
19.41904
24.00834
14.82242
14.52567
15.68944
17.9549
14.4297
29.24123
15.74145
17.74183
26.93577
28.01817
19.64664
19.8756
16.24531
16.48455
20.26518
16.3207
17.68731
12.1512
15.3727
18.70776
8.536627
11.17116
15.93888
16.24242
17.11632
15.11171
20.94057
13.61752
13.98676
12.55823
19.91719
15.46054
14.74884
20.38723
21.17981
19.91469
19.86982
18.03651
19.03105
17.56966
18.26665
23.06123
12.08068
19.61645
16.23541
20.05498
12.87011
19.24629
16.47133
18.74254
19.66727
15.97213
18.1648
23.54908
23.70282
19.30693
18.98979
11.64385
18.75282
12.89443
19.32666
16.44446
16.47422
26.10547
23.52489
15.83251
13.7248
20.13352
17.63749
17.19689
20.90597
25.72066
21.57667
12.40308
12.04067
11.301
12.42923
12.96388
16.73154
18.37523
18.25817
25.12489
20.55412
11.52226
18.57157
30.15636
14.22507
23.39944
16.97194
19.57572
16.02647
22.42017
15.51281
20.15333
16.827
21.69511
20.14372
17.98989
13.79537
26.95274
18.59595
9.517798
11.6696
15.99227
13.24068
10.55229
29.52694
24.34658
23.73658
14.2666
18.72479
25.82164
16.43802
23.27019
27.71737
13.38453
20.17827
26.21342
20.74437
14.20409
20.04748
15.69075
19.5005
19.76423
17.54493
20.39088
13.07055
11.76099
14.55027
12.14048
18.69533
19.46233
24.69624
21.11209
14.93546
12.01863
15.49292
16.47227
13.71931
19.23851
14.39264
16.40918
22.1244
34.31981
14.51763
15.43607
18.22736
13.06552
15.72708
14.62841
28.36359
37.50423
30.11401
19.98319
20.11523
14.78187
13.20775
15.54186
18.97409
21.07444
17.9053
16.49339
18.37518
15.70956
12.87934
21.1549
17.70117
24.71337
20.15047
12.55807
14.81965
14.67006
17.68401
22.49559
19.1614
24.09448
18.23272
11.46257
12.25245
14.90373
14.28807
17.80427
22.00468
20.20651
14.81843
16.43723
22.42365
19.53952
20.01484
14.9959
19.18097
34.45078
19.21729
18.16213
13.37831
15.26408
21.61852
22.56504
19.29184
16.28393
13.58002
11.19273
16.02438
25.38981
26.87209
23.51904
18.17591
15.32969
18.27677
21.12912
19.78665
19.20912
23.05423
19.6201
27.8356
20.07865
16.09448
16.36695
30.75082
23.41138
12.19543
14.29267
21.90753
17.29068
23.9389
14.77984
26.07287
22.23518
20.7873
16.2984
16.62725
15.16443
12.81659
14.46088
32.74516
15.81865
20.6465
16.72016
18.23451
15.81656
17.51481
14.88808
14.8687
17.63149
15.67724
20.63709
14.2725
19.17961
19.7812
10.57116
22.48839
17.76452
22.16543
21.83442
19.98339
23.32019
20.33017
28.6783
18.73338
15.22986
20.30254
21.77214
24.30705
19.18708
21.57132
13.34638
20.11291
18.317
21.81696
21.17694
21.08252
24.57971
23.3786
13.44135
16.95964
28.11405
21.73195
21.99017
16.29714
18.41211
13.92854
17.80566
14.04451
14.26422
19.63643
23.47644
23.61094
19.13305
17.80639
21.47221
16.53719
21.5539
16.15727
18.14494
19.95383
14.78755
14.68224
14.0454
17.75299
13.3549
18.63361
9.575524
13.80113
14.27196
17.02249
12.74364
12.39828
16.82327
22.42554
24.62947
22.27751
34.39099
15.82868
16.23937
14.98592
15.8147
21.0335
22.36359
21.47048
11.24903
14.39305
17.51503
16.87673
14.65418
24.12039
19.71085
14.61235
17.85323
13.65554
10.71335
16.25666
16.6275
21.37586
17.78868
11.93035
18.17429
19.03225
13.6752
19.46301
16.08895
17.27917
24.88654
19.03255
28.67216
23.72855
17.50087
22.16094
20.7769
16.74321
19.18478
33.95961
17.56389
15.72371
18.3653
13.73319
14.36582
21.07505
11.98606
17.27533
12.60579
11.94073
11.56345
20.66451
15.06661
15.74321
19.55341
17.77025
15.74137
13.8331
16.19573
16.78925
14.15432
12.32726
15.8115
18.93292
27.45255
16.3669
12.30327
28.04956
23.28773
15.67782
19.20423
11.11299
10.99452
14.51039
9.809803
13.16109
13.75812
13.03274
12.02192
14.49317
13.84223
20.36011
34.58857
20.19394
14.65371
14.51124
13.27638
22.40151
22.71498
18.93878
15.93088
14.85242
29.02951
18.90013
15.94824
18.34826
19.77182
18.65355
17.18385
12.83328
13.61799
14.00528
29.23711
17.30229
15.28353
16.88621
19.49806
19.51766
12.54954
12.79987
16.73352
11.34374
25.7251
21.79925
11.69818
12.90468
8.702169
18.04235
11.27359
20.20914
19.39416
20.73454
16.1834
17.26373
12.13022
15.08668
12.38117
18.93063
19.58343
20.39662
17.47414
15.17635
12.221
21.50162
15.54365
17.91789
14.60873
13.84265
12.39943
15.01604
16.74957
18.62936
10.8896
14.59941
21.42649
23.12123
21.70028
14.88814
13.16472
14.78991
15.87684
19.54195
18.26704
12.06098
13.37044
15.87006
14.52611
10.27581
19.25578
20.95782
15.91996
12.89365
24.28791
26.03567
19.38923
26.86764
13.84282
25.82839
16.47863
17.61572
18.7464
25.17461
12.20207
13.24674
12.41883
18.94785
18.46645
17.99888
22.06151
17.54358
13.38762
19.20763
18.61099
15.32999
17.73854
23.16659
18.09741
19.95211
19.46083
15.84392
24.78686
21.16748
15.23082
17.95139
16.5625
13.24191
19.61835
12.71861
18.87328
18.37047
15.33501
15.92875
24.18877
24.15002
11.78763
10.83086
16.17789
17.22999
13.7579
12.14063
16.38342
17.54659
14.62815
23.39551
20.14095
19.77497
13.5964
15.69206
21.45184
19.15513
27.19853
17.12663
16.18128
17.96498
18.51412
14.28659
14.26346
16.37477
8.859232
11.02508
21.60726
18.24758
12.97504
14.65378
18.33332
19.37792
18.05446
17.82914
26.2166
27.71432
27.80287
13.88506
12.7098
8.172087
18.47432
18.1709
21.57696
15.69925
22.14328
12.76043
14.43644
15.90596
24.9825
15.5383
16.39994
20.77116
20.15825
19.46455
17.81497
19.07998
13.24741
18.26565
13.03047
24.73478
20.52644
14.80708
12.92717
12.62943
14.57092
16.21469
14.83907
18.20388
23.18399
17.78355
23.22621
11.69165
15.29565
17.4063
17.85309
19.4393
18.04297
18.18773
25.87454
17.19095
14.94718
16.2974
19.02373
13.70818
11.75848
16.61467
15.98167
21.74386
17.82312
15.95011
12.40078
21.38038
12.07615
12.75152
26.21355
21.01074
13.61051
12.52429
19.00577
17.19762
15.90085
20.65201
12.74194
11.46535
16.08624
18.36271
11.82857
18.14879
9.610546
12.46956
21.74083
17.88846
26.31667
12.24228
20.76691
15.1011
17.09391
15.19151
13.0241
21.22692
21.53299
27.82433
19.43392
13.60694
13.52806
16.82448
11.67371
14.10243
18.20742
16.63389
18.38183
17.96234
23.13853
12.64052
18.00704
26.26152
24.52636
26.56192
14.011
11.23354
13.71326
17.69876
19.25127
17.07505
19.98009
16.7296
10.80617
14.41317
14.7951
9.071154
16.19092
21.966
13.23257
19.26952
19.49278
15.26283
22.31846
19.86693
18.58275
13.33726
20.52063
23.45006
19.32707
21.07237
19.34797
17.13758
19.86666
13.31035
13.84606
15.93998
15.21605
13.46528
12.36042
15.20854
28.96819
15.59655
15.82882
16.05912
19.05572
16.19204
16.71082
16.3172
17.41222
13.50589
23.17698
18.72416
24.82831
15.72602
8.977959
20.81785
18.12162
15.82071
9.935953
11.70512
18.36944
13.96635
18.03559
26.50692
14.14467
23.08379
26.27616
29.01967
11.83842
15.52409
22.32792
17.81684
11.51063
14.77078
10.67697
17.29335
15.07454
14.69543
15.2216
15.54816
17.84765
10.65064
10.21937
13.63738
19.91028
17.22264
17.31201
22.16213
15.18515
23.30229
22.02118
19.92278
20.31241
21.28315
22.33823
18.5017
25.55953
19.63602
23.78105
17.92965
15.28371
16.01494
14.79898
18.96235
19.80159
18.02116
28.58263
15.59485
17.6096
11.08109
10.40151
16.80503
18.14934
18.71024
19.21325
15.20481
36.13069
16.86958
33.62141
13.59685
14.7035
13.04132
15.622
16.42047
19.38615
20.85291
16.80245
11.2678
18.79317
14.08821
10.48121
15.1527
12.62391
17.79545
18.35039
14.65732
36.12644
17.52312
15.4495
13.31923
14.27734
14.09098
18.11056
34.42547
22.98545
19.04723
17.36831
20.87365
11.37252
20.88995
14.38982
20.59192
12.19677
16.07282
29.70209
21.13027
11.82861
30.23497
23.84105
15.18835
14.44597
16.53148
31.13795
19.21131
18.84173
11.81853
18.57538
19.48525
15.83441
31.1442
23.49986
20.94073
12.62345
15.96421
19.4681
20.41133
14.59929
15.21396
18.59624
21.31165
25.36169
23.84446
22.7575
21.23718
19.5913
13.6338
15.41666
18.00215
16.3391
14.78878
14.63502
13.99945
15.26706
16.29862
19.74038
21.1351
11.96074
21.21669
16.91687
21.2235
11.58393
13.36103
12.81961
14.94821
18.64321
32.5104
26.58136
18.86511
16.79937
14.83476
17.00854
16.57446
26.68415
19.66762
22.00864
25.50545
14.31958
22.01739
16.71466
19.21187
16.38409
19.83295
13.63423
16.59026
12.98926
20.59344
11.87697
16.04269
22.92319
16.1354
17.43177
20.53923
19.92004
17.22009
14.06687
16.67997
25.32331
16.62275
13.62811
18.86845
19.33628
20.80904
17.17404
12.17806
17.51609
23.94589
24.82732
20.31064
12.38466
16.42685
12.39614
15.88383
15.96186
17.22991
17.94244
21.37597
19.44815
29.66366
18.11641
9.724873
15.82259
20.2597
19.09509
15.06498
12.42634
12.52421
21.81944
17.25059
28.20272
16.93272
18.0962
20.5095
16.64099
15.78149
16.06499
22.85884
20.38894
14.65342
11.25719
14.80097
15.28762
23.62136
17.98043
12.03906
15.22152
22.72539
15.00565
16.66087
19.28692
25.246
20.04092
10.34911
15.38542
15.10341
15.01676
12.16072
16.10126
16.56384
23.58127
24.31807
26.26384
15.69418
14.39582
18.62554
15.92425
20.36518
14.11936
17.11427
12.24266
12.68296
15.79073
17.33487
11.07508
11.90911
17.13916
28.35359
28.95745
24.68825
23.35648
28.89004
17.88341
13.77093
21.27639
14.6986
14.19423
16.49515
11.90531
11.67355
12.47028
13.96818
14.31492
16.26294
17.08364
12.74204
12.97126
24.90405
16.73878
12.47132
15.78768
19.81503
12.9893
14.09723
14.55659
19.75308
20.25433
19.46857
16.35139
21.7483
17.5787
14.37841
17.25384
8.670793
16.13051
13.78659
18.95188
17.47875
14.10647
14.69022
12.43103
11.64904
29.74257
16.56906
18.85268
12.05907
13.59974
15.80246
11.69097
16.89614
14.87387
18.64231
13.77318
16.6962
16.90962
20.92948
20.9462
11.96654
16.26697
16.61295
13.85262
12.56955
15.24309
15.19373
13.80027
17.69795
14.73441
21.0194
15.84042
21.3509
13.62363
14.18881
15.38912
17.50082
27.00391
20.51077
20.2908
18.63079
16.63853
20.22596
21.18937
16.05394
35.65795
15.37581
11.6118
23.2008
16.53518
14.49089
11.47069
21.43237
25.71847
23.85392
14.41598
22.51867
23.31663
28.33929
17.61854
15.86977
17.06392
15.43209
13.65759
23.5652
23.1351
22.12924
31.59549
17.95374
25.60923
20.48816
15.19555
19.13418
13.51955
16.71787
15.91246
16.128
15.79294
23.62862
17.34679
15.16914
22.86899
12.67934
11.18682
15.59115
10.54297
19.31396
13.86745
16.9647
13.23354
12.01175
18.54045
20.26201
12.35987
21.60381
8.858072
18.18399
21.12357
16.38756
23.16514
27.52378
20.51953
14.44242
19.23833
17.64069
16.87583
26.91532
11.48507
15.97914
14.29721
17.5168
20.888
15.45068
18.42368
23.93124
16.56576
17.15688
25.00492
20.88471
16.83897
16.55329
17.03546
20.2695
14.58172
18.61024
18.19653
28.85226
19.41913
18.61036
23.60642
23.18537
19.75963
14.43435
19.3574
27.06696
15.38479
13.04861
14.0568
13.03013
13.54474
10.42762
17.67841
17.90866
19.72061
16.67817
14.43357
12.46832
14.85968
15.40719
18.08339
14.59552
12.37272
16.58683
12.3009
14.46066
17.85546
12.63699
11.39842
19.78247
18.91707
14.32171
16.52507
16.99448
18.68039
16.83212
16.84476
20.30838
10.36281
18.86741
20.85481
14.48478
18.87264
20.75317
24.07741
15.34769
11.89524
21.1394
26.77869
24.34992
16.35926
26.22353
19.63938
10.97087
21.43792
20.64624
19.23329
16.06095
13.08735
18.17234
23.33027
17.28456
23.02472
25.51521
18.89279
17.59925
21.33776
11.92131
13.35217
17.52275
15.18489
17.3203
25.98333
16.64188
17.67461
24.45503
20.58473
24.37734
13.80187
14.6728
23.57444
18.25821
20.36457
10.76392
18.63022
31.31545
29.24782
25.09477
21.5124
18.62155
13.2677
11.18788
15.94489
21.71421
16.4375
16.78124
18.22004
27.56321
17.59176
28.48501
20.90094
20.39032
24.0337
11.34475
21.56484
21.48592
19.42267
26.4489
16.46456
39.13019
17.79454
13.84258
9.95456
17.32276
15.36143
18.5794
26.04943
20.83826
11.83681
10.81239
18.18005
16.33323
14.86275
14.4296
16.68094
22.91826
15.77509
13.21224
17.53518
15.72053
29.35614
15.98007
15.77215
12.59365
11.43016
14.91176
22.09266
15.02203
23.54682
18.22332
10.19989
18.72307
14.35923
18.45642
18.42032
20.21373
26.33025
12.17532
13.88755
15.32323
17.42527
30.8204
24.53941
28.95334
15.68099
24.74484
14.46518
12.647
19.18145
17.17771
13.84884
20.86282
11.54862
14.82533
15.62024
22.58806
19.92333
17.84917
11.90837
15.61677
13.63825
21.3328
25.44738
23.64913
16.74439
18.01305
16.84866
20.30309
18.49588
11.66821
14.3161
14.60816
17.8935
26.56649
20.19297
21.26636
14.05895
15.7562
21.65
32.21695
13.28944
15.57793
18.90333
18.59032
15.72806
13.50731
11.26276
14.50822
22.57165
35.91575
21.37847
21.62328
22.47747
24.35914
21.22352
15.03614
17.15389
22.66116
14.28091
22.96922
26.74497
28.36913
23.22302
26.27477
28.44561
21.15571
15.25059
15.49584
13.52406
18.00726
20.71359
15.29621
21.1793
26.651
18.96048
19.39244
18.98704
13.93522
18.18828
16.28434
22.68784
14.1164
12.25445
14.24841
15.76801
13.71982
16.26031
14.80067
18.24082
24.22228
14.7084
20.80464
25.65346
25.71017
16.27811
21.81112
22.74255
20.08985
19.08143
18.40686
12.71929
16.47087
22.3563
26.24585
12.15714
15.12066
16.72944
18.98269
15.94617
16.19183
9.240489
15.05934
8.635732
14.88099
15.83283
18.31408
16.94402
20.5877
15.45001
16.46734
12.01212
14.14008
22.58836
16.99285
21.40829
19.9998
18.90592
20.79879
25.84413
17.76518
16.95472
21.96363
15.72233
17.8395
13.25431
15.02381
15.49384
17.60677
20.83931
20.48562
17.19932
17.92991
19.67213
13.09238
21.7181
16.80175
24.79322
22.96979
24.87612
20.56902
23.70483
24.64247
14.97222
23.43213
16.64248
24.55027
18.00528
18.56969
19.17559
15.22724
14.43852
11.96091
13.38359
20.8373
17.51208
15.9332
18.39141
15.24542
12.51185
18.95798
17.47164
16.70583
16.67933
16.12548
22.72668
13.30209
22.41915
16.18113
32.60679
25.601
19.95348
13.18452
19.90461
11.44127
14.41726
20.56577
15.28093
18.79143
16.44484
23.7253
19.93822
10.1628
13.91149
15.84958
16.04528
17.83892
9.97891
14.58635
18.44673
18.76948
16.17087
19.56287
16.39913
11.80561
23.08601
29.2185
21.6365
20.15495
17.24646
18.59072
15.99972
14.65664
16.24189
14.73945
25.49206
20.14027
14.30148
11.50151
20.4524
18.43623
17.96737
18.28417
16.23053
19.873
20.00668
18.29685
9.538019
13.66768
18.44193
21.71476
18.54805
19.33532
21.0129
22.71068
24.13337
29.48855
23.28184
22.54196
19.94018
17.514
21.4857
15.68755
17.56011
14.39371
23.35215
17.91916
26.14848
23.35574
23.64994
24.58167
19.39681
17.59319
19.67703
22.71124
15.63282
19.44169
14.14378
17.25935
19.81237
20.33141
16.11844
22.03475
26.02477
20.65036
24.20061
19.30472
20.11105
23.08473
11.74418
15.57945
20.63195
16.30434
13.44038
13.45672
20.2828
12.4731
25.35816
19.98684
10.47639
13.82404
17.72781
19.73456
18.7861
19.29435
9.70428
15.60639
12.78698
19.01858
14.28854
22.76779
20.62479
14.76142
13.21131
14.09539
20.8187
18.72988
13.40382
12.17329
12.32164
20.17169
18.52057
31.53348
16.03168
18.24727
13.54056
15.86989
22.06056
20.26581
29.11129
31.40557
28.47947
27.17855
30.39018
14.56378
10.53886
14.08268
16.97204
15.40276
20.29712
16.42441
18.25469
15.24794
16.30604
21.08376
17.81844
17.50424
15.76469
11.04663
11.00563
25.5654
14.50202
16.89323
21.59656
21.94634
15.96943
19.52224
22.17002
16.52055
13.9986
10.11037
13.4224
20.02326
11.77824
14.38024
13.58212
19.16382
24.72904
22.83187
15.45268
19.94064
22.63648
22.63799
20.23297
17.90022
23.08034
16.36058
27.13766
24.10516
23.07433
16.47092
17.65409
20.53513
19.71044
22.30706
20.49257
15.05213
19.2167
16.40681
12.04851
22.56076
15.56127
15.5541
19.10689
19.6454
16.65477
18.36003
29.25076
21.7454
27.02257
24.28051
28.81161
12.3364
22.70335
22.62647
17.5902
27.87159
10.86588
12.92346
10.28366
19.80714
18.82003
15.75707
11.12608
16.93885
25.20443
30.24576
26.75383
18.86284
14.66684
19.49039
14.04248
18.21974
16.17789
24.35565
21.78708
19.16298
26.61754
16.99741
19.72499
26.52164
15.6406
33.66017
25.52992
23.3932
22.65815
22.25255
26.7717
12.0942
12.46459
8.92737
14.34239
21.26114
14.44385
20.23466
16.63417
15.19506
27.3647
24.56015
21.13607
17.54009
12.44705
13.97939
15.51293
25.50463
13.97107
20.41298
22.62008
25.57399
24.01111
14.35075
17.69029
15.82628
23.06372
21.21127
13.93985
13.75653
14.37646
32.16427
24.04091
21.75109
17.13406
20.1582
20.55089
23.72788
18.39675
16.20401
16.48963
13.24549
23.75991
14.41606
12.8255
22.18658
14.2602
11.18302
11.57549
27.58518
16.51215
16.25784
15.64888
11.72977
11.67553
14.63649
18.56544
34.86004
20.1393
17.36275
11.81
19.51358
14.23399
16.78447
19.57123
18.94274
20.78635
15.00551
20.37063
17.29076
16.2718
14.80111
15.8885
12.15948
14.097
18.59812
17.63857
17.14501
13.59913
15.37841
20.64318
14.02396
21.01139
22.38717
13.06746
16.02192
19.67564
21.91172
15.40989
22.26991
16.86514
12.69138
18.50227
18.02222
14.86406
18.16537
23.9202
25.44762
20.3851
22.72836
19.37853
19.42875
16.93785
16.87541
10.9968
14.90812
12.33284
14.53902
20.628
17.73506
15.84457
17.66508
16.89567
20.51921
12.63891
15.2465
12.62442
22.59293
16.93942
22.40022
17.40407
19.46429
18.19528
12.6857
16.74427
15.30245
21.47572
16.32371
17.95187
15.20755
19.77857
24.94919
17.70944
19.0275
18.70322
15.4801
16.88923
21.97188
13.75929
22.09829
20.22753
24.94495
19.22309
15.7748
31.21775
31.51175
15.3044
10.22649
11.64326
15.7134
23.83515
37.89655
23.92867
18.52322
15.42995
14.08125
15.11501
13.21979
13.98701
12.44422
17.57891
19.29843
15.97962
30.06578
24.71238
12.98449
21.70141
16.95791
26.91046
21.36951
19.2442
14.51442
18.15333
19.13032
11.70604
16.51363
13.55463
22.94921
12.28999
14.06539
21.57026
21.85734
18.18527
19.68951
21.068
15.0407
19.45524
15.60285
11.37399
11.38617
13.84978
27.71111
20.53889
15.5223
15.87756
12.92284
14.2331
16.13688
18.42851
16.56136
15.09129
13.97222
26.91409
25.8406
21.51503
15.03075
18.94818
15.98579
13.98532
13.26719
18.03426
24.10114
23.05738
20.98504
25.09324
10.79062
16.5032
13.30923
17.95727
15.94418
21.43423
21.98937
19.33635
27.85749
17.67544
19.00809
20.02468
13.47372
18.60115
20.21216
23.5106
16.29082
20.21462
16.98795
15.26927
14.17409
15.54019
15.93818
18.6856
24.38333
17.66363
14.31585
20.37473
15.01355
14.82057
18.04341
11.44366
19.71656
17.66648
12.91294
16.32338
22.25322
20.94161
19.30761
15.77792
17.40179
17.86368
26.11219
26.57507
22.1684
19.45812
13.59391
22.17267
19.12033
20.72222
14.66898
27.54171
26.71994
16.13495
19.99574
20.13078
10.85192
12.7899
17.90446
20.09535
10.66125
35.6022
26.63831
14.42753
9.988072
18.48862
23.58157
19.91186
19.98104
22.6985
18.61977
18.14429
14.72192
22.74535
25.54496
12.78737
13.84678
16.63131
23.44813
18.36003
24.53703
36.12397
15.54172
21.03221
15.3264
16.73187
19.70341
12.21199
14.99639
13.08163
15.75993
16.17444
22.96667
21.51776
17.28502
23.03475
20.2188
18.88152
23.57111
20.07192
17.76163
18.19147
15.98458
12.19213
15.71182
13.39886
14.39202
21.85412
17.89704
21.95963
19.41556
16.13408
15.9242
17.0608
18.49984
17.04111
14.07384
15.61977
27.09081
20.61784
17.32302
12.76084
22.01974
24.24271
12.79256
23.71569
13.82437
19.6408
18.62099
23.30672
18.81502
9.573787
15.0988
18.36469
16.41734
13.75237
12.99401
15.46958
19.61347
12.25066
24.50941
20.8129
23.0457
21.11179
19.09174
16.31542
17.33162
15.32077
16.96433
16.13187
19.30055
22.86543
16.91489
22.78177
19.76246
18.1105
17.78261
18.93658
15.91725
24.0645
22.54099
18.05679
21.19673
16.68822
17.90098
13.69453
16.2953
15.24497
15.05929
21.28921
23.90178
24.51976
18.28082
13.88548
12.4229
19.27589
18.03466
12.62934
19.06581
28.61508
39.23352
28.20438
22.92529
11.80994
19.32814
14.17996
15.21705
18.6559
23.18126
16.57114
19.18264
11.57742
15.39041
12.29857
18.22133
13.30623
20.65746
13.8158
12.90782
16.97007
19.84746
17.45605
21.37278
27.23869
19.94647
14.9193
11.95436
19.51982
19.06524
13.55908
13.78234
12.43558
16.065
14.14245
18.39488
17.99936
20.11326
16.47899
15.13888
27.18268
23.87365
17.98949
20.71985
16.3487
22.73179
25.02044
15.91821
24.42771
25.27548
17.17174
13.28004
20.61988
15.08372
13.8331
15.88635
21.81327
16.99646
25.10637
27.2964
21.72479
9.068707
12.9358
13.36217
14.64155
17.20075
19.16641
18.6659
22.69872
13.1702
11.32623
20.08648
15.96222
27.25998
20.77733
18.27053
24.58952
23.50752
15.79671
18.58914
14.60979
11.31762
20.36222
20.45212
18.93624
11.06739
19.66764
22.94041
21.4082
20.27907
22.93756
17.94085
21.25605
21.03683
22.49402
16.25033
11.38186
18.42734
25.0074
21.02302
26.4206
15.88395
16.61024
20.37801
29.21598
22.3498
9.332553
23.77339
16.36491
20.22213
11.65835
19.62643
17.87644
11.39924
13.55935
16.99833
16.38058
11.00675
22.62037
19.44722
22.43919
18.39928
15.14976
13.08986
25.57848
15.88811
19.6392
40.31994
19.90971
14.87397
13.57445
9.685436
20.62616
15.06661
23.31256
20.94945
19.2205
14.8744
11.2665
19.58936
12.81656
8.337763
10.21671
15.51381
15.42487
19.05952
14.96238
19.89229
16.31601
32.00533
23.63495
16.97629
15.6831
17.6107
13.21708
17.25488
24.22653
24.96494
19.69913
14.82393
21.33473
16.76274
19.57022
14.16546
18.85679
17.97996
20.19836
23.4523
16.35791
16.58297
18.71159
15.87557
